   1.8670287737908266e-02	   0.0000000000000000e+00	   0.0000000000000000e+00	
   3.9375154210346647e-01	   0.0000000000000000e+00	   0.0000000000000000e+00	
   4.1154164871605214e+00	   0.0000000000000000e+00	   0.0000000000000000e+00	
   4.1328603577614899e+01	   0.0000000000000000e+00	   0.0000000000000000e+00	
   2.3777615530703197e+03	   0.0000000000000000e+00	   0.0000000000000000e+00	
   5.9506069586339254e+03	   0.0000000000000000e+00	   0.0000000000000000e+00	
   1.1251486547322684e+04	   0.0000000000000000e+00	   0.0000000000000000e+00	
   1.9344734273639166e+04	   0.0000000000000000e+00	   0.0000000000000000e+00	
   3.3650743040187175e+04	   0.0000000000000000e+00	   0.0000000000000000e+00	
   6.4288204937601207e+04	   0.0000000000000000e+00	   0.0000000000000000e+00	
   1.0318622178372042e+05	   0.0000000000000000e+00	   0.0000000000000000e+00	
   1.4106612511119756e+05	   0.0000000000000000e+00	   0.0000000000000000e+00	
   1.7829959925257467e+05	   0.0000000000000000e+00	   0.0000000000000000e+00	
   2.1544167037859157e+05	   0.0000000000000000e+00	   0.0000000000000000e+00	
   2.5314290999517118e+05	   0.0000000000000000e+00	   0.0000000000000000e+00	
   2.9165321488151944e+05	   0.0000000000000000e+00	   0.0000000000000000e+00	
   3.3174277872674982e+05	   0.0000000000000000e+00	   0.0000000000000000e+00	
   3.7330831282058533e+05	   0.0000000000000000e+00	   0.0000000000000000e+00	
   4.1664263415743993e+05	   0.0000000000000000e+00	   0.0000000000000000e+00	
   4.6195959353135573e+05	   0.0000000000000000e+00	   0.0000000000000000e+00	
   5.0943253184001858e+05	   0.0000000000000000e+00	   0.0000000000000000e+00	
   5.5931727007352840e+05	   0.0000000000000000e+00	   0.0000000000000000e+00	
   6.1172231236841634e+05	   0.0000000000000000e+00	   0.0000000000000000e+00	
   6.6681976336566859e+05	   0.0000000000000000e+00	   0.0000000000000000e+00	
   7.2453793569447100e+05	   0.0000000000000000e+00	   0.0000000000000000e+00	
   7.8420005173662631e+05	   0.0000000000000000e+00	   0.0000000000000000e+00	
   8.4420005173662631e+05	   0.0000000000000000e+00	   0.0000000000000000e+00	
   9.0420005173662631e+05	   0.0000000000000000e+00	   0.0000000000000000e+00	
   9.6420005173662631e+05	   0.0000000000000000e+00	   0.0000000000000000e+00	
   1.0242000517366263e+06	   0.0000000000000000e+00	   0.0000000000000000e+00	
   1.0842000517366263e+06	   0.0000000000000000e+00	   0.0000000000000000e+00	
   1.1442000517366263e+06	  -3.6492502063986732e+10	   1.3600000000000000e+08	
   1.2042000517366263e+06	  -1.0479232082496307e+11	   3.6760000000000000e+08	
   1.2642000517366263e+06	  -1.7095712358863300e+11	   5.9040000000000000e+08	
   1.3242000517366263e+06	  -2.8063227664482318e+11	   9.5280000000000000e+08	
   1.3842000517366263e+06	  -3.8056955868814343e+11	   1.2632000000000000e+09	
   1.4442000517366263e+06	  -5.1952657026884546e+11	   1.6952000000000000e+09	
   1.5041833245642667e+06	  -6.7197188900721106e+11	   2.1500000000000000e+09	
   1.5641556038289394e+06	  -1.1727492498774915e+12	   3.6856000000000000e+09	
   1.6235247792046459e+06	  -1.7121692415784163e+12	   5.2540000000000000e+09	
   1.6835247792046459e+06	  -2.3040225982511274e+12	   6.8376000000000000e+09	
   1.7435247792046459e+06	  -2.9867833898760161e+12	   8.5544000000000000e+09	
   1.8035247792046459e+06	  -3.3100080354497505e+12	   9.1308000000000000e+09	
   1.8635247792046459e+06	  -5.3163025541793105e+12	   1.4236800000000000e+10	
   1.9215429638795261e+06	  -6.5143337972728506e+12	   1.7126000000000000e+10	
   1.9792845753433635e+06	  -6.4312486679275361e+12	   1.6633600000000000e+10	
   2.0385876932557879e+06	  -8.1865762370582578e+12	   2.0697200000000000e+10	
   2.0975882204686496e+06	  -1.0456274651405219e+13	   2.5880000000000000e+10	
   2.1575882204686496e+06	  -1.1778173814542934e+13	   2.8817200000000000e+10	
   2.2175882204686496e+06	  -1.2609012135022410e+13	   3.0609200000000000e+10	
   2.2775882204686496e+06	  -1.4065485483617381e+13	   3.3590400000000000e+10	
   2.3375882204686496e+06	  -1.5949379776638713e+13	   3.7758800000000000e+10	
   2.3975882204686496e+06	  -1.6923371690399021e+13	   3.9604000000000000e+10	
   2.4575882204686496e+06	  -1.7968609952009645e+13	   4.1513600000000000e+10	
   2.5175882204686496e+06	  -1.9560058848147391e+13	   4.4558400000000000e+10	
   2.5775882204686496e+06	  -2.0712011386869926e+13	   4.6466800000000000e+10	
   2.6375882204686496e+06	  -2.2898346774336758e+13	   5.0726000000000000e+10	
   2.6975882204686496e+06	  -2.2561931000642094e+13	   4.9144000000000000e+10	
   2.7575882204686496e+06	  -2.4817384535951520e+13	   5.3407880000000000e+10	
   2.8175882204686496e+06	  -2.5561148587889102e+13	   5.4162820000000000e+10	
   2.8775882204686496e+06	  -2.6787857993904020e+13	   5.6090070000000000e+10	
   2.9375882204686496e+06	  -2.7468604452024383e+13	   5.6825550000000000e+10	
   2.9975882204686496e+06	  -2.9836476958578406e+13	   6.1160770000000000e+10	
   3.0575882204686496e+06	  -3.1046796839366105e+13	   6.3114460000000000e+10	
   3.1175882204686496e+06	  -3.2238774667986426e+13	   6.5045900000000000e+10	
   3.1775882204686496e+06	  -3.2764102879047051e+13	   6.5761710000000000e+10	
   3.2375882204686496e+06	  -3.3352369204107703e+13	   6.6489140000000000e+10	
   3.2975882204686496e+06	  -3.4613808106476094e+13	   6.8451860000000000e+10	
   3.3575882204686496e+06	  -3.6456279754756648e+13	   7.1680420000000000e+10	
   3.4175882204686496e+06	  -3.7710039280816422e+13	   7.3611050000000000e+10	
   3.4775882204686496e+06	  -3.9635020447470805e+13	   7.6887770000000000e+10	
   3.5375882204686496e+06	  -4.0339087484888648e+13	   7.7670650000000000e+10	
   3.5975882204686496e+06	  -4.2460198807396812e+13	   8.0973080000000000e+10	
   3.6575882204686496e+06	  -4.3333593242212477e+13	   8.1768740000000000e+10	
   3.7175882204686496e+06	  -4.4273277630501344e+13	   8.2652080000000000e+10	
   3.7775882204686496e+06	  -4.6617176109801211e+13	   8.5984860000000000e+10	
   3.8375882204686496e+06	  -4.9803422156387086e+13	   9.0685740000000000e+10	
   3.8975882204686496e+06	  -5.0095459087812914e+13	   9.0214710000000000e+10	
   3.9575882204686496e+06	  -5.0287041593342141e+13	   8.9760330000000000e+10	
   4.0175882204686496e+06	  -5.3323745673427789e+13	   9.4343080000000000e+10	
   4.0775882204686496e+06	  -5.3366409136430062e+13	   9.4041620000000000e+10	
   4.1375882204686496e+06	  -5.3168938085946812e+13	   9.3427950000000000e+10	
   4.1975882204686496e+06	  -5.6257839846259625e+13	   9.8117690000000000e+10	
   4.2575882204686496e+06	  -5.5903014916971188e+13	   9.7642450000000000e+10	
   4.3175882204686496e+06	  -5.8464458703887109e+13	   1.0105118000000000e+11	
   4.3775882204686496e+06	  -6.0069721680063117e+13	   1.0323181000000000e+11	
   4.4375882204686496e+06	  -5.7653053925429273e+13	   9.8741990000000000e+10	
   4.4975882204686487e+06	  -6.2490595908244906e+13	   1.0577564000000000e+11	
   4.5575882204686487e+06	  -6.1800594899756359e+13	   1.0394509000000000e+11	
   4.6175882204686487e+06	  -6.3635932716148852e+13	   1.0615655000000000e+11	
   4.6775882204686487e+06	  -6.8018697258980602e+13	   1.1252421000000000e+11	
   4.7308293291885164e+06	  -6.7109274121257930e+13	   1.0994234000000000e+11	
   4.7622745083477953e+06	  -6.7651115588312758e+13	   1.0927502000000000e+11	
   4.7835499913371596e+06	  -7.0238686451777523e+13	   1.1188674000000000e+11	
   4.8021368550226176e+06	  -7.0297730559125562e+13	   1.1084312000000000e+11	
   4.8201794965529917e+06	  -6.9554248034578555e+13	   1.0924706000000000e+11	
   4.8387797395836757e+06	  -6.8439643032140781e+13	   1.0667362760000000e+11	
   4.8587436582991555e+06	  -7.1422504015260203e+13	   1.1030369900000000e+11	
   4.8805363064097790e+06	  -7.2361844243459188e+13	   1.1067622120000000e+11	
   4.9028452964854650e+06	  -7.4790126043887266e+13	   1.1310199550000000e+11	
   4.9256155679608807e+06	  -7.5132715243522969e+13	   1.1210426870000000e+11	
   4.9490024021312781e+06	  -7.8107700396758734e+13	   1.1460343490000000e+11	
   4.9729684009859608e+06	  -8.1612360857813422e+13	   1.1804974140000000e+11	
   4.9976457309484258e+06	  -8.5111826680679328e+13	   1.2055693500000000e+11	
   5.0123544196611093e+06	  -8.6657374280312734e+13	   1.2037500500000000e+11	
   5.0239276700469339e+06	  -8.9221322550415688e+13	   1.2207376000000000e+11	
   5.0342561534861811e+06	  -9.1135740437929234e+13	   1.2474659500000000e+11	
   5.0439927894905750e+06	  -9.1879374943221719e+13	   1.2484617000000000e+11	
   5.0533833614115883e+06	  -9.5054586951349531e+13	   1.2893973000000000e+11	
   5.0626057008091733e+06	  -9.4940264309032594e+13	   1.2855705500000000e+11	
   5.0717121163257863e+06	  -9.9919696490504875e+13	   1.3312319390000000e+11	
   5.0807462806494571e+06	  -9.9968635404046875e+13	   1.3266005730000000e+11	
   5.0897367892416762e+06	  -1.0344411503450412e+14	   1.3678515880000000e+11	
   5.0987138689117813e+06	  -1.0459399143615383e+14	   1.3784338410000000e+11	
   5.1076800781137357e+06	  -1.0705215898050055e+14	   1.4090538040000000e+11	
   5.1166505040278239e+06	  -1.0820810949603505e+14	   1.4197045520000000e+11	
   5.1256094418761749e+06	  -1.0939427963260331e+14	   1.4303742580000000e+11	
   5.1345718831894705e+06	  -1.1185167149478778e+14	   1.4564306800000000e+11	
   5.1435679987133592e+06	  -1.1207165082390319e+14	   1.4513539030000000e+11	
   5.1526572255561762e+06	  -1.1447041080899905e+14	   1.4773159620000000e+11	
   5.1618280417102734e+06	  -1.1680254489055083e+14	   1.5029503360000000e+11	
   5.1711134620911218e+06	  -1.1917930332681741e+14	   1.5288788100000000e+11	
   5.1805141734140525e+06	  -1.1849136280734780e+14	   1.5183683360000000e+11	
   5.1900545238474784e+06	  -1.2151878724497862e+14	   1.5598439000000000e+11	
   5.1997534067869093e+06	  -1.2085349980715152e+14	   1.5536840500000000e+11	
   5.2096511422920153e+06	  -1.2136136630940556e+14	   1.5633987000000000e+11	
   5.2197462607567608e+06	  -1.2180975808247095e+14	   1.5725731500000000e+11	
   5.2300366576030375e+06	  -1.2499994482803078e+14	   1.6135142000000000e+11	
   5.2405527435484966e+06	  -1.2681204694963367e+14	   1.6383412000000000e+11	
   5.2513318343226584e+06	  -1.2469852360340539e+14	   1.6107806500000000e+11	
   5.2623971976555884e+06	  -1.2396047112391614e+14	   1.6031480500000000e+11	
   5.2737724321971191e+06	  -1.2698505511158077e+14	   1.6434230000000000e+11	
   5.2854996616836516e+06	  -1.2623959958326038e+14	   1.6357820000000000e+11	
   5.2976188766383547e+06	  -1.2640115890922283e+14	   1.6392849500000000e+11	
   5.3101927893710705e+06	  -1.2817802330988539e+14	   1.6630397500000000e+11	
   5.3232778632043572e+06	  -1.2997311424733291e+14	   1.6874523000000000e+11	
   5.3369649192887517e+06	  -1.3169871576412839e+14	   1.7112112500000000e+11	
   5.3513044398893872e+06	  -1.3181629383643597e+14	   1.7143899500000000e+11	
   5.3663328849870870e+06	  -1.3114375928958731e+14	   1.7057939500000000e+11	
   5.3822093000476854e+06	  -1.3021527417359823e+14	   1.6969654000000000e+11	
   5.3989005297987228e+06	  -1.3057639987271777e+14	   1.6997964000000000e+11	
   5.4165220381595530e+06	  -1.3111762209461042e+14	   1.7071888000000000e+11	
   5.4350053427955462e+06	  -1.3162220822107650e+14	   1.7143189000000000e+11	
   5.4543759900393039e+06	  -1.3079272373567188e+14	   1.7009837000000000e+11	
   5.4747350739105009e+06	  -1.2982253449821570e+14	   1.6917907500000000e+11	
   5.4961291753407652e+06	  -1.3183775258112875e+14	   1.7155761000000000e+11	
   5.5185590108944029e+06	  -1.3612101380920361e+14	   1.7678169500000000e+11	
   5.5421258376613129e+06	  -1.3819120850669758e+14	   1.7917648000000000e+11	
   5.5667279047483215e+06	  -1.3998144030867241e+14	   1.8108364500000000e+11	
   5.5924822071286980e+06	  -1.3952224882806125e+14	   1.8012969000000000e+11	
   5.6193679324477371e+06	  -1.3624625109871059e+14	   1.7531926500000000e+11	
   5.6474174904679023e+06	  -1.3853540982880795e+14	   1.7777348000000000e+11	
   5.6766865053589642e+06	  -1.3790804050488108e+14	   1.7630973500000000e+11	
   5.7071160273944074e+06	  -1.3867112104446444e+14	   1.7702133500000000e+11	
   5.7387918889768245e+06	  -1.4175100449436881e+14	   1.8063653500000000e+11	
   5.7716033681190088e+06	  -1.4512239780128775e+14	   1.8421765000000000e+11	
   5.8056577781984936e+06	  -1.4570906726673016e+14	   1.8441612000000000e+11	
   5.8409255373242842e+06	  -1.4364469988175172e+14	   1.8125647000000000e+11	
   5.8774795405461602e+06	  -1.4414221962006631e+14	   1.8146992500000000e+11	
   5.9153339524692679e+06	  -1.4466315448754062e+14	   1.8165990500000000e+11	
   5.9544973796952963e+06	  -1.4384779364103197e+14	   1.8016113500000000e+11	
   5.9949220834963834e+06	  -1.4711222278893203e+14	   1.8377380500000000e+11	
   6.0366441151049957e+06	  -1.4614292434944959e+14	   1.8221497500000000e+11	
   6.0797440243024705e+06	  -1.4956387300170506e+14	   1.8584649000000000e+11	
   6.1240183432476074e+06	  -1.4879596023648244e+14	   1.8432032500000000e+11	
   6.1697430801574113e+06	  -1.4943342825723469e+14	   1.8448136000000000e+11	
   6.2166980226370702e+06	  -1.4985009986568516e+14	   1.8466339500000000e+11	
   6.2648493526039235e+06	  -1.5051218774675134e+14	   1.8482184500000000e+11	
   6.3139704427841203e+06	  -1.5094594317272009e+14	   1.8499946000000000e+11	
   6.3640516959854616e+06	  -1.5282405973197166e+14	   1.8691874500000000e+11	
   6.4145147121559242e+06	  -1.5475652867913953e+14	   1.8877958000000000e+11	
   6.4657277964951387e+06	  -1.5371983507344188e+14	   1.8721422500000000e+11	
   6.5172312815578310e+06	  -1.5273597990457847e+14	   1.8566900000000000e+11	
   6.5688399784190124e+06	  -1.5444104214244459e+14	   1.8753968000000000e+11	
   6.6202808727454767e+06	  -1.5362328595545800e+14	   1.8595426000000000e+11	
   6.6713369229320688e+06	  -1.5393923708158528e+14	   1.8606824500000000e+11	
   6.7221802818329111e+06	  -1.5580227258068434e+14	   1.8799126500000000e+11	
   6.7727974359336942e+06	  -1.6047932840675466e+14	   1.9331421000000000e+11	
   6.8230414749682089e+06	  -1.6073096889246372e+14	   1.9349846500000000e+11	
   6.8726276523064589e+06	  -1.5816195504618778e+14	   1.9015733000000000e+11	
   6.9219654148624791e+06	  -1.5856793264539884e+14	   1.9027791000000000e+11	
   6.9713526429442950e+06	  -1.6048932147370369e+14	   1.9218290000000000e+11	
   7.0208604109749747e+06	  -1.5938301200191553e+14	   1.9058594500000000e+11	
   7.0707082331494307e+06	  -1.5687307691624903e+14	   1.8720824500000000e+11	
   7.1211464242375055e+06	  -1.6166427982618475e+14	   1.9262583500000000e+11	
   7.1722591453945823e+06	  -1.6492561413293650e+14	   1.9666361000000000e+11	
   7.2244421601176411e+06	  -1.6195570755088491e+14	   1.9321455000000000e+11	
   7.2781319838902671e+06	  -1.6215480972098922e+14	   1.9375618500000000e+11	
   7.3331301824584603e+06	  -1.6189695234078894e+14	   1.9382866000000000e+11	
   7.3896474666633466e+06	  -1.6153784765613584e+14	   1.9397418000000000e+11	
   7.4476875862773480e+06	  -1.6406095916074941e+14	   1.9802973000000000e+11	
   7.5071785082049789e+06	  -1.6604100590822969e+14	   2.0170856500000000e+11	
   7.5671785082049789e+06	  -1.5881405728942559e+14	   1.9469899000000000e+11	
   7.6271785082049789e+06	  -1.6094832647508419e+14	   1.9886100000000000e+11	
   7.6871785082049789e+06	  -1.6252484335974109e+14	   2.0255603000000000e+11	
   7.7471785082049789e+06	  -1.5958410279186850e+14	   2.0082073500000000e+11	
   7.8071785082049789e+06	  -1.5356219132893453e+14	   1.9555016000000000e+11	
   7.8671785082049789e+06	  -1.5688127181103328e+14	   2.0151127000000000e+11	
   7.9271785082049789e+06	  -1.5658694245165756e+14	   2.0339369500000000e+11	
   7.9871785082049789e+06	  -1.5190898299549731e+14	   1.9991546500000000e+11	
   8.0471785082049789e+06	  -1.5000407408121694e+14	   1.9996881500000000e+11	
   8.1071785082049789e+06	  -1.5127127295313888e+14	   2.0368289500000000e+11	
   8.1671785082049789e+06	  -1.5110611740129981e+14	   2.0615043500000000e+11	
   8.2271785082049789e+06	  -1.4591870733283728e+14	   2.0265733500000000e+11	
   8.2871785082049789e+06	  -1.4379407797592488e+14	   2.0281106500000000e+11	
   8.3471785082049789e+06	  -1.4761524653670944e+14	   2.1012913000000000e+11	
   8.4071785082049780e+06	  -1.4315291289309938e+14	   2.0747273500000000e+11	
   8.4671785082049780e+06	  -1.3766537392412075e+14	   2.0396979500000000e+11	
   8.5271785082049780e+06	  -1.4003255425587400e+14	   2.0943206500000000e+11	
   8.5871785082049780e+06	  -1.4094576830040200e+14	   2.1316333500000000e+11	
   8.6471785082049780e+06	  -1.3413051474326430e+14	   2.0788186500000000e+11	
   8.7071785082049780e+06	  -1.3045919043907539e+14	   2.0625280000000000e+11	
   8.7671785082049780e+06	  -1.3146501859694759e+14	   2.0998979500000000e+11	
   8.8271785082049780e+06	  -1.3359108270077319e+14	   2.1481396500000000e+11	
   8.8871785082049780e+06	  -1.2861195860666733e+14	   2.1133957000000000e+11	
   8.9471785082049780e+06	  -1.2673324766853575e+14	   2.1149300000000000e+11	
   9.0071785082049780e+06	  -1.2339907128755630e+14	   2.0985650000000000e+11	
   9.0671785082049780e+06	  -1.2448117874240186e+14	   2.1363820000000000e+11	
   9.1271785082049780e+06	  -1.2199466534400491e+14	   2.1383383000000000e+11	
   9.1871785082049780e+06	  -1.2309050122466117e+14	   2.1704140000000000e+11	
   9.2471785082049780e+06	  -1.1822094992055217e+14	   2.1363203500000000e+11	
   9.3071785082049780e+06	  -1.1982556898721991e+14	   2.1741363000000000e+11	
   9.3671785082049780e+06	  -1.1938345636034180e+14	   2.1944974000000000e+11	
   9.4271785082049780e+06	  -1.1547178401799838e+14	   2.1783166500000000e+11	
   9.4871785082049780e+06	  -1.1364644426594209e+14	   2.1802787000000000e+11	
   9.5471785082049780e+06	  -1.1804653537648878e+14	   2.2507000000000000e+11	
   9.6071785082049780e+06	  -1.1451930799440378e+14	   2.2347450000000000e+11	
   9.6671785082049780e+06	  -1.1097326917546595e+14	   2.2190446500000000e+11	
   9.7271785082049780e+06	  -1.1050257808102873e+14	   2.2391047500000000e+11	
   9.7871785082049780e+06	  -1.1218127803525997e+14	   2.2783163500000000e+11	
   9.8471785082049780e+06	  -1.0895541973135903e+14	   2.2624863500000000e+11	
   9.9071785082049780e+06	  -1.0506127128555372e+14	   2.2431560000000000e+11	
   9.9671785082049780e+06	  -1.0613725042265764e+14	   2.2820687000000000e+11	
   1.0027178508204978e+07	  -1.0598832158539764e+14	   2.3031723500000000e+11	
   1.0087178508204978e+07	  -1.0453092519342542e+14	   2.3057833500000000e+11	
   1.0147178508204978e+07	  -1.0283452774314286e+14	   2.3084433500000000e+11	
   1.0207178508204978e+07	  -1.0411985300805281e+14	   2.3475823500000000e+11	
   1.0267178508204978e+07	  -1.0046725514095333e+14	   2.3298410000000000e+11	
   1.0327178508204978e+07	  -1.0189795008817680e+14	   2.3694570500000000e+11	
   1.0387178508204978e+07	  -9.8698882710712000e+13	   2.3542953500000000e+11	
   1.0447178508204978e+07	  -1.0052309804026458e+14	   2.3940273500000000e+11	
   1.0507178508204978e+07	  -9.8695983935485359e+13	   2.3969543000000000e+11	
   1.0567178508204978e+07	  -9.5025856107226766e+13	   2.3812123000000000e+11	
   1.0627178508204978e+07	  -9.6175025119022125e+13	   2.4216040000000000e+11	
   1.0687178508204978e+07	  -9.7714093758409328e+13	   2.4605836500000000e+11	
   1.0747178508204978e+07	  -9.1324415096443172e+13	   2.4082899500000000e+11	
   1.0807178508204978e+07	  -9.2135848213213078e+13	   2.4483163000000000e+11	
   1.0867178508204978e+07	  -9.1139444182229328e+13	   2.4697089500000000e+11	
   1.0927178508204978e+07	  -9.0594980373860953e+13	   2.4916873500000000e+11	
   1.0987178508204978e+07	  -8.7232155373495125e+13	   2.4762609500000000e+11	
   1.1047178508204978e+07	  -8.5568327837664969e+13	   2.4794233000000000e+11	
   1.1107178508204978e+07	  -8.8916501907917312e+13	   2.5383769500000000e+11	
   1.1167178508204978e+07	  -8.4417011479159172e+13	   2.5049722500000000e+11	
   1.1227178508204978e+07	  -8.4226772149391141e+13	   2.5266169000000000e+11	
   1.1287178508204978e+07	  -8.4225178108226844e+13	   2.5481425500000000e+11	
   1.1347178508204978e+07	  -8.3255284220119422e+13	   2.5509019500000000e+11	
   1.1407178508204978e+07	  -8.2857734568799266e+13	   2.5730556000000000e+11	
   1.1467178508204978e+07	  -7.8621743776487219e+13	   2.5389069500000000e+11	
   1.1527178508204978e+07	  -8.0151653791314828e+13	   2.5789563000000000e+11	
   1.1587178508204978e+07	  -7.9570032344498984e+13	   2.5817255500000000e+11	
   1.1647178508204978e+07	  -7.9385871129873469e+13	   2.6030449500000000e+11	
   1.1707178508204978e+07	  -7.5185791064740594e+13	   2.5690492500000000e+11	
   1.1767178508204978e+07	  -7.6981571651306266e+13	   2.6089072500000000e+11	
   1.1827178508204978e+07	  -7.6623305090632219e+13	   2.6113026000000000e+11	
   1.1887178508204978e+07	  -7.6162885116031109e+13	   2.6326182000000000e+11	
   1.1947178508204978e+07	  -7.6334514722598109e+13	   2.6388802500000000e+11	
   1.2007178508204978e+07	  -7.5198077707230016e+13	   2.6414505500000000e+11	
   1.2067178508204978e+07	  -7.4777437932509000e+13	   2.6443362500000000e+11	
   1.2127178508204978e+07	  -7.5771034346165359e+13	   2.6845639000000000e+11	
   1.2187178508204978e+07	  -7.2373784972560094e+13	   2.6497156000000000e+11	
   1.2247178508204978e+07	  -7.1562970106682734e+13	   2.6526199000000000e+11	
   1.2307178508204978e+07	  -7.1311441100525594e+13	   2.6552729000000000e+11	
   1.2367178508204978e+07	  -7.3581736315076516e+13	   2.7139376000000000e+11	
   1.2427178508204978e+07	  -7.2485764286733922e+13	   2.7163379000000000e+11	
   1.2487178508204978e+07	  -6.9493496394217117e+13	   2.6815096000000000e+11	
   1.2547178508204978e+07	  -6.8797766086061328e+13	   2.6841416000000000e+11	
   1.2607178508204978e+07	  -7.1608269530711047e+13	   2.7426659000000000e+11	
   1.2667178508204978e+07	  -7.0274833717104219e+13	   2.7454639500000000e+11	
   1.2727178508204978e+07	  -6.9615627907950047e+13	   2.7478475500000000e+11	
   1.2787178508204978e+07	  -6.6521723867491477e+13	   2.7128779500000000e+11	
   1.2847178508204978e+07	  -6.5905786719094891e+13	   2.7152486000000000e+11	
   1.2907178508204978e+07	  -6.7825558565214859e+13	   2.7739356000000000e+11	
   1.2967178508204978e+07	  -6.7117717507331352e+13	   2.7764595500000000e+11	
   1.3027178508204978e+07	  -6.6561220377747484e+13	   2.7786719000000000e+11	
   1.3087178508204978e+07	  -6.3587046077823562e+13	   2.7436855500000000e+11	
   1.3147178508204978e+07	  -6.2903406287198461e+13	   2.7457772500000000e+11	
   1.3207178508204978e+07	  -6.3158246266544820e+13	   2.7668419000000000e+11	
   1.3267178508204978e+07	  -6.4386656262053445e+13	   2.8064756000000000e+11	
   1.3327178508204978e+07	  -6.4952995678632516e+13	   2.8273756000000000e+11	
   1.3387178508204978e+07	  -6.3159929718430422e+13	   2.8108329000000000e+11	
   1.3447178508204978e+07	  -6.0542080833023852e+13	   2.7758929500000000e+11	
   1.3507178508204978e+07	  -6.0243243734280078e+13	   2.7779939000000000e+11	
   1.3567178508204978e+07	  -6.1575233591637695e+13	   2.8176116000000000e+11	
   1.3627178508204978e+07	  -6.1367976223306039e+13	   2.8387536000000000e+11	
   1.3687178508204978e+07	  -6.0947856207324469e+13	   2.8409499000000000e+11	
   1.3747178508204978e+07	  -5.8572301384870977e+13	   2.8054906000000000e+11	
   1.3807178508204978e+07	  -5.8111533281393125e+13	   2.8076326000000000e+11	
   1.3867178508204978e+07	  -5.8571433804585609e+13	   2.8284859500000000e+11	
   1.3927178508204978e+07	  -5.9433191809588703e+13	   2.8681212500000000e+11	
   1.3987178508204978e+07	  -5.8963865199696273e+13	   2.8698496500000000e+11	
   1.4047178508204978e+07	  -5.8067533608085711e+13	   2.8529762500000000e+11	
   1.4107178508204978e+07	  -5.7227810954989742e+13	   2.8359326000000000e+11	
   1.4167178508204978e+07	  -5.7194700973260914e+13	   2.8377423000000000e+11	
   1.4227178508204978e+07	  -5.9428425407776914e+13	   2.8960369500000000e+11	
   1.4287178508204978e+07	  -5.9109114167340273e+13	   2.8981849500000000e+11	
   1.4347178508204978e+07	  -5.9122979972595234e+13	   2.8995406000000000e+11	
   1.4407178508204978e+07	  -5.8433359357262211e+13	   2.8825966500000000e+11	
   1.4467178508204978e+07	  -5.8041294707010875e+13	   2.8654766000000000e+11	
   1.4527178508204978e+07	  -5.8016045472216891e+13	   2.8669999500000000e+11	
   1.4587178508204978e+07	  -6.0249827319022477e+13	   2.9449303000000000e+11	
   1.4647178508204978e+07	  -5.9508240749677133e+13	   2.9278346000000000e+11	
   1.4707178508204978e+07	  -5.9595347448148789e+13	   2.9291836000000000e+11	
   1.4767178508204978e+07	  -5.9046255585120906e+13	   2.9118770000000000e+11	
   1.4827178508204978e+07	  -5.8334719306098086e+13	   2.8957350000000000e+11	
   1.4887178508204978e+07	  -5.8468016547605047e+13	   2.8975786500000000e+11	
   1.4947178508204978e+07	  -6.0435998259473148e+13	   2.9556950000000000e+11	
   1.5007178508204978e+07	  -6.0443878043911328e+13	   2.9571773500000000e+11	
   1.5067178508204978e+07	  -6.0719197211029484e+13	   2.9789796500000000e+11	
   1.5127178508204978e+07	  -5.9143151401226102e+13	   2.9426026500000000e+11	
   1.5187178508204978e+07	  -5.8460945972964906e+13	   2.9257290000000000e+11	
   1.5247178508204978e+07	  -5.8403464515356617e+13	   2.9271730000000000e+11	
   1.5307178508204978e+07	  -5.9424182650358008e+13	   2.9669933500000000e+11	
   1.5367178508204978e+07	  -6.0416608930783953e+13	   2.9877423500000000e+11	
   1.5427178508204978e+07	  -6.0604026520457438e+13	   3.0084583500000000e+11	
   1.5487178508204978e+07	  -6.0226156724217117e+13	   2.9914234000000000e+11	
   1.5547178508204978e+07	  -6.0401780996247234e+13	   2.9926970000000000e+11	
   1.5607178508204978e+07	  -5.9131872986627758e+13	   2.9363647000000000e+11	
   1.5667178508204978e+07	  -6.0311148001913922e+13	   2.9766553500000000e+11	
   1.5727178508204978e+07	  -6.0848435622667305e+13	   3.0173739500000000e+11	
   1.5787178508204978e+07	  -6.0665276047714117e+13	   3.0182823500000000e+11	
   1.5847178508204978e+07	  -6.0238783524236164e+13	   3.0581716500000000e+11	
   1.5907178508204978e+07	  -5.8342251800893906e+13	   3.0210346500000000e+11	
   1.5967178508204978e+07	  -5.8106965277081992e+13	   3.0217123500000000e+11	
   1.6027178508204978e+07	  -5.7779368771894469e+13	   3.0050984000000000e+11	
   1.6087178508204978e+07	  -5.7196159482959531e+13	   2.9883286500000000e+11	
   1.6147178508204978e+07	  -5.8689408775056531e+13	   3.0467016500000000e+11	
   1.6207178508204978e+07	  -5.8352406017613594e+13	   3.0477890000000000e+11	
   1.6267178508204978e+07	  -5.9123804268258867e+13	   3.0874343500000000e+11	
   1.6327178508204978e+07	  -5.8330035537359883e+13	   3.0691527000000000e+11	
   1.6387178508204978e+07	  -5.7499929808265281e+13	   3.0313857000000000e+11	
   1.6447178508204978e+07	  -5.7558623536513000e+13	   3.0338083500000000e+11	
   1.6507178508204978e+07	  -5.7132203537902172e+13	   3.0364806500000000e+11	
   1.6567178508204978e+07	  -5.7017626237492633e+13	   3.0561910000000000e+11	
   1.6627178508204978e+07	  -5.6898084928695906e+13	   3.0569553500000000e+11	
   1.6687178508204978e+07	  -5.7486698920128867e+13	   3.0967753500000000e+11	
   1.6747178508204978e+07	  -5.6894539039750875e+13	   3.0779304000000000e+11	
   1.6807178508204978e+07	  -5.6213401543081766e+13	   3.0789050500000000e+11	
   1.6867178508204978e+07	  -5.5487729841168039e+13	   3.0599393500000000e+11	
   1.6927178508204978e+07	  -5.4618121167929297e+13	   3.0818654000000000e+11	
   1.6987178508204978e+07	  -5.4086951112858617e+13	   3.0840944000000000e+11	
   1.7047178508204978e+07	  -5.3894345014333242e+13	   3.0663974000000000e+11	
   1.7107178508204978e+07	  -5.1674974938243391e+13	   3.0153007000000000e+11	
   1.7167178508204978e+07	  -5.3593247867204852e+13	   3.0868654000000000e+11	
   1.7227178508204978e+07	  -5.3081793962743625e+13	   3.0874210500000000e+11	
   1.7287178508204978e+07	  -5.2773238401933164e+13	   3.1072667000000000e+11	
   1.7347178508204978e+07	  -5.2188794728502969e+13	   3.1265277500000000e+11	
   1.7407178508204978e+07	  -5.0889457945820875e+13	   3.1097643500000000e+11	
   1.7467178508204978e+07	  -5.0322744911228227e+13	   3.1109393500000000e+11	
   1.7527178508204978e+07	  -4.8926365663600906e+13	   3.0800490500000000e+11	
   1.7587178508204978e+07	  -4.8000113106954594e+13	   3.0239010500000000e+11	
   1.7647178508204978e+07	  -4.8296148606239109e+13	   3.0620004000000000e+11	
   1.7707178508204978e+07	  -4.7862182663943000e+13	   3.0629331000000000e+11	
   1.7767178508204978e+07	  -4.7338742870342945e+13	   3.0821960500000000e+11	
   1.7827178508204978e+07	  -4.7082680013045875e+13	   3.1211354000000000e+11	
   1.7887178508204982e+07	  -4.8095092832209102e+13	   3.1366834000000000e+11	
   1.7947178508204982e+07	  -4.6028807969437555e+13	   3.1244740500000000e+11	
   1.8007178508204982e+07	  -4.4988514231537742e+13	   3.1246257500000000e+11	
   1.8067178508204982e+07	  -4.5056262998981633e+13	   3.0874551000000000e+11	
   1.8127178508204982e+07	  -4.4918695758513711e+13	   3.0498057000000000e+11	
   1.8187178508204982e+07	  -4.4997067245507430e+13	   3.0699314500000000e+11	
   1.8247178508204982e+07	  -4.4721173938331703e+13	   3.0706357000000000e+11	
   1.8307178508204982e+07	  -4.4595353091702453e+13	   3.1097847500000000e+11	
   1.8367178508204982e+07	  -4.4030112075672156e+13	   3.1479567500000000e+11	
   1.8427178508204982e+07	  -4.3827885898072367e+13	   3.1481887000000000e+11	
   1.8487178508204982e+07	  -4.3979639452497312e+13	   3.1506677500000000e+11	
   1.8547178508204982e+07	  -4.3833016932307789e+13	   3.1519544000000000e+11	
   1.8607178508204982e+07	  -4.3942887170240469e+13	   3.0759424500000000e+11	
   1.8667178508204982e+07	  -4.3549165116018211e+13	   3.0954330500000000e+11	
   1.8727178508204982e+07	  -4.3221072252523961e+13	   3.0955467500000000e+11	
   1.8787178508204982e+07	  -4.2706839082734648e+13	   3.0777144000000000e+11	
   1.8847178508204982e+07	  -4.2056777612075133e+13	   3.1160717000000000e+11	
   1.8907178508204982e+07	  -4.1579596692736547e+13	   3.1736904000000000e+11	
   1.8967178508204982e+07	  -4.1098684274627078e+13	   3.1746771000000000e+11	
   1.9027178508204982e+07	  -4.0436811879959180e+13	   3.1753264500000000e+11	
   1.9087178508204982e+07	  -3.9953807720540727e+13	   3.1958571000000000e+11	
   1.9147178508204982e+07	  -3.9537401306993023e+13	   3.1971191000000000e+11	
   1.9207178508204982e+07	  -3.9779778446707516e+13	   3.1409887500000000e+11	
   1.9267178508204982e+07	  -4.0248304310450656e+13	   3.1217754000000000e+11	
   1.9327178508204982e+07	  -3.9738866340410453e+13	   3.1224211000000000e+11	
   1.9387178508204982e+07	  -3.9247574568155250e+13	   3.0839100500000000e+11	
   1.9447178508204982e+07	  -3.8614299151749477e+13	   3.1029798000000000e+11	
   1.9507178508204982e+07	  -3.8106607493039344e+13	   3.1419427500000000e+11	
   1.9567178508204982e+07	  -3.7896783177136766e+13	   3.1616301000000000e+11	
   1.9627178508204982e+07	  -3.7540148208731773e+13	   3.1998598000000000e+11	
   1.9687178508204982e+07	  -3.7401018830349344e+13	   3.2196684000000000e+11	
   1.9747178508204982e+07	  -3.6475910581185047e+13	   3.2015780000000000e+11	
   1.9807178508204982e+07	  -3.6754869118292688e+13	   3.2215337500000000e+11	
   1.9867178508204982e+07	  -3.6405760201739477e+13	   3.2225111000000000e+11	
   1.9927178508204982e+07	  -3.6063982414839797e+13	   3.2236124000000000e+11	
   1.9987178508204982e+07	  -3.6034235213532734e+13	   3.2047477500000000e+11	
   2.0047178508204982e+07	  -3.6191650539339461e+13	   3.1858111000000000e+11	
   2.0107178508204982e+07	  -3.5741029813059445e+13	   3.1478011000000000e+11	
   2.0167178508204982e+07	  -3.5749005323614625e+13	   3.1476830500000000e+11	
   2.0227178508204982e+07	  -3.5242669500096562e+13	   3.1477847000000000e+11	
   2.0287178508204982e+07	  -3.4942968157021996e+13	   3.1288500500000000e+11	
   2.0347178508204982e+07	  -3.4942216410782359e+13	   3.1292174000000000e+11	
   2.0407178508204982e+07	  -3.4567985764510227e+13	   3.1484944000000000e+11	
   2.0467178508204982e+07	  -3.4474205452168059e+13	   3.1482630500000000e+11	
   2.0527178508204982e+07	  -3.4569005210579988e+13	   3.1496847000000000e+11	
   2.0587005672957789e+07	  -3.4461331251704562e+13	   3.1506401000000000e+11	
   2.0647005672957789e+07	  -3.4736665036775242e+13	   3.1509747000000000e+11	
   2.0707005672957789e+07	  -3.4358951711135711e+13	   3.1512823500000000e+11	
   2.0767005672957789e+07	  -3.4080678074408984e+13	   3.1516520500000000e+11	
   2.0827005672957789e+07	  -3.4100843108124582e+13	   3.1327897000000000e+11	
   2.0887005672957789e+07	  -3.4217296947286848e+13	   3.1335860500000000e+11	
   2.0946950370248847e+07	  -3.3882003809200910e+13	   3.1149797500000000e+11	
   2.1006950370248847e+07	  -3.3366219509011000e+13	   3.1147607500000000e+11	
   2.1066950370248847e+07	  -3.3542394873609012e+13	   3.1145104000000000e+11	
   2.1126950370248847e+07	  -3.3167026398641820e+13	   3.1534447000000000e+11	
   2.1186950370248847e+07	  -3.2716886492625957e+13	   3.1532833500000000e+11	
   2.1246950370248847e+07	  -3.2893474171867090e+13	   3.1536163500000000e+11	
   2.1306950370248847e+07	  -3.2505348361470344e+13	   3.1538570000000000e+11	
   2.1366950370248847e+07	  -3.2652535647748910e+13	   3.1745373000000000e+11	
   2.1426950370248847e+07	  -3.2463423378115348e+13	   3.1750453000000000e+11	
   2.1486950370248847e+07	  -3.2151700614115977e+13	   3.1752460000000000e+11	
   2.1546950370248847e+07	  -3.2296743413874688e+13	   3.1749779500000000e+11	
   2.1606941547156375e+07	  -3.2091814810829250e+13	   3.1752633000000000e+11	
   2.1666941547156375e+07	  -3.1958851894775688e+13	   3.1757229500000000e+11	
   2.1726941547156375e+07	  -3.1822617453476227e+13	   3.1766026500000000e+11	
   2.1786941547156375e+07	  -3.1734925759113625e+13	   3.1764406000000000e+11	
   2.1846941547156375e+07	  -3.1648376967536863e+13	   3.1771216000000000e+11	
   2.1906941547156375e+07	  -3.1602225978716188e+13	   3.1770166000000000e+11	
   2.1966941547156375e+07	  -3.1757212342503176e+13	   3.1773623000000000e+11	
   2.2026941547156375e+07	  -3.1522693068694836e+13	   3.1772409500000000e+11	
   2.2086889679055631e+07	  -3.1824288024412980e+13	   3.1769892500000000e+11	
   2.2146398341009613e+07	  -3.1798077684825027e+13	   3.1774816500000000e+11	
   2.2206398341009613e+07	  -3.1884327817573887e+13	   3.1789963000000000e+11	
   2.2266398341009613e+07	  -3.1896410419042699e+13	   3.1597639000000000e+11	
   2.2326398341009613e+07	  -3.1581765666707797e+13	   3.1605653000000000e+11	
   2.2386398341009613e+07	  -3.1719298709641266e+13	   3.1603676500000000e+11	
   2.2446398341009613e+07	  -3.1830765018366430e+13	   3.1415029000000000e+11	
   2.2506398341009613e+07	  -3.1855970417417383e+13	   3.1218619000000000e+11	
   2.2566398341009613e+07	  -3.2162662556143035e+13	   3.1412355500000000e+11	
   2.2626398341009613e+07	  -3.1778647759062633e+13	   3.1420266000000000e+11	
   2.2686300224803697e+07	  -3.0982824699644344e+13	   3.1614489500000000e+11	
   2.2746300224803697e+07	  -3.1270027781852645e+13	   3.1613922000000000e+11	
   2.2806300224803697e+07	  -3.1050436201684141e+13	   3.1615428500000000e+11	
   2.2866300224803697e+07	  -3.1032461574505996e+13	   3.1620928500000000e+11	
   2.2926282098866191e+07	  -3.0287419430554484e+13	   3.2388345000000000e+11	
   2.2986282098866191e+07	  -3.0370235438598176e+13	   3.2386575000000000e+11	
   2.3046282098866191e+07	  -3.0381671991717906e+13	   3.2197075000000000e+11	
   2.3106076812826272e+07	  -3.0722250423538398e+13	   3.2407278000000000e+11	
   2.3166004817063097e+07	  -3.0081509972948480e+13	   3.2025421500000000e+11	
   2.3226004817063097e+07	  -2.9730834036161156e+13	   3.1650211500000000e+11	
   2.3286004817063097e+07	  -3.0395075019319918e+13	   3.1069674500000000e+11	
   2.3345976675233807e+07	  -3.0039956313179562e+13	   3.1455090500000000e+11	
   2.3405976675233807e+07	  -2.9601973188478926e+13	   3.1650567500000000e+11	
   2.3465976675233807e+07	  -2.9148587052363078e+13	   3.2226771000000000e+11	
   2.3525976675233807e+07	  -2.8883101824754641e+13	   3.2034304000000000e+11	
   2.3585976675233807e+07	  -2.7955054238284105e+13	   3.1453764000000000e+11	
   2.3645976675233807e+07	  -2.9051626575119234e+13	   3.1271967500000000e+11	
   2.3705976675233807e+07	  -2.8733460535807414e+13	   3.1267311000000000e+11	
   2.3765976675233807e+07	  -2.8937952106546152e+13	   3.1842747000000000e+11	
   2.3825697210278448e+07	  -2.9413622818353613e+13	   3.1845597000000000e+11	
   2.3885697210278448e+07	  -2.9042314493938914e+13	   3.1073877000000000e+11	
   2.3945697210278448e+07	  -2.9121244745568496e+13	   3.1077996500000000e+11	
   2.4005697210278448e+07	  -2.9203972453454398e+13	   3.1654670000000000e+11	
   2.4065697210278448e+07	  -2.9587273891095441e+13	   3.1650633500000000e+11	
   2.4125697210278448e+07	  -2.8128973790026719e+13	   3.1068703000000000e+11	
   2.4185611438491631e+07	  -2.6583518284407414e+13	   3.0685499500000000e+11	
   2.4245235577162262e+07	  -2.5513143601546457e+13	   3.1267996000000000e+11	
   2.4305019042529501e+07	  -2.5719440007134727e+13	   3.1259759000000000e+11	
   2.4364976113621548e+07	  -2.5680219804525117e+13	   3.0876745500000000e+11	
   2.4424976113621548e+07	  -2.4836293688450602e+13	   3.0693226000000000e+11	
   2.4484796610276189e+07	  -2.5184222324760953e+13	   3.0881015500000000e+11	
   2.4544762562342081e+07	  -2.6339452938423539e+13	   3.1260045500000000e+11	
   2.4604612841880254e+07	  -2.6165664109647223e+13	   3.0867635500000000e+11	
   2.4664380380247895e+07	  -2.6056794576788910e+13	   3.0670352000000000e+11	
   2.4724380380247895e+07	  -2.7292634515799301e+13	   3.1244405000000000e+11	
   2.4784380380247895e+07	  -2.6732516378445246e+13	   3.0859691500000000e+11	
   2.4844380380247895e+07	  -2.5459182630504508e+13	   3.0278674500000000e+11	
   2.4904370198743485e+07	  -2.6459531381561691e+13	   3.1038478000000000e+11	
   2.4964270613342743e+07	  -2.6006119160652277e+13	   3.0648941500000000e+11	
   2.5024162137488119e+07	  -2.5158337608224426e+13	   2.9873841000000000e+11	
   2.5084114719399426e+07	  -2.6809073862383812e+13	   3.0634874000000000e+11	
   2.5144114719399426e+07	  -2.6811526569746445e+13	   3.0629077500000000e+11	
   2.5204114719399426e+07	  -2.5414396027048195e+13	   2.9853434000000000e+11	
   2.5264085267804492e+07	  -2.6503064109617426e+13	   3.0230237500000000e+11	
   2.5323932636251867e+07	  -2.6974476676270238e+13	   3.0225514000000000e+11	
   2.5383657395137671e+07	   1.3574594918737900e+13	   2.2508410500000000e+11	
   2.5443657395137671e+07	   1.2997642302495955e+13	   2.2877017000000000e+11	
   2.5503657395137671e+07	   1.3337963817759271e+13	   2.2671397000000000e+11	
   2.5563657395137671e+07	   1.3701031946945826e+13	   2.2279254000000000e+11	
   2.5623657395137671e+07	   1.3039850865245721e+13	   2.2657400500000000e+11	
   2.5683397475696109e+07	   1.3005834559480467e+13	   2.2644350000000000e+11	
   2.5743341986914068e+07	   1.3912535862944260e+13	   2.2060987000000000e+11	
   2.5803252327463895e+07	   1.3325216148236371e+13	   2.2437150000000000e+11	
   2.5863089475026596e+07	   1.3178418572464283e+13	   2.2431233000000000e+11	
   2.5920512675818037e+07	   1.4293942463775762e+13	   2.1844099500000000e+11	
   2.5980037541140817e+07	   1.3376108164161076e+13	   2.2221469500000000e+11	
   2.6039888626252204e+07	   1.3564801823371768e+13	   2.2214886000000000e+11	
   2.6099577308496792e+07	   1.4367148607589652e+13	   2.1633436000000000e+11	
   2.6159519437547084e+07	   1.3668700887147314e+13	   2.2012045500000000e+11	
   2.6219519437547084e+07	   1.3474254954830994e+13	   2.2005508500000000e+11	
   2.6279519437547084e+07	   1.4609293567590461e+13	   2.1417649000000000e+11	
   2.6339519437547084e+07	   1.4630652580464490e+13	   2.1413075500000000e+11	
   2.6399466772362024e+07	   1.3330101556684316e+13	   2.1983362000000000e+11	
   2.6458903643612411e+07	   1.3905368097617121e+13	   2.1787352000000000e+11	
   2.6518649743226722e+07	   1.4842392680868750e+13	   2.1205869000000000e+11	
   2.6578475922322124e+07	   1.4188657968781131e+13	   2.1583612000000000e+11	
   2.6638458884025034e+07	   1.4165950930246504e+13	   2.1578822000000000e+11	
   2.6698458884025034e+07	   1.5040409682780260e+13	   2.1183182000000000e+11	
   2.6757936478427321e+07	   1.5143339738541486e+13	   2.0987685000000000e+11	
   2.6817936478427321e+07	   1.5111020936251689e+13	   2.1174468500000000e+11	
   2.6877934952079900e+07	   1.3909377810650869e+13	   2.1553745500000000e+11	
   2.6937242247314990e+07	   1.5262752070604988e+13	   2.0781245500000000e+11	
   2.6997040213541411e+07	   1.4686821831352242e+13	   2.1161242000000000e+11	
   2.7056678484309841e+07	   1.5738540522235889e+13	   2.0771485500000000e+11	
   2.7116488804101463e+07	   1.3799403283472275e+13	   2.1535502000000000e+11	
   2.7176378091864601e+07	   1.5351251218536594e+13	   2.0764051500000000e+11	
   2.7236378091864601e+07	   1.4982532566917562e+13	   2.0950832000000000e+11	
   2.7296067980037320e+07	   1.5843460194534158e+13	   2.0562672000000000e+11	
   2.7355986499005098e+07	   1.4773747786284969e+13	   2.0942702000000000e+11	
   2.7415838559814397e+07	   1.6049915747913523e+13	   2.0361932000000000e+11	
   2.7475838559814397e+07	   1.5207789513210064e+13	   2.0741731500000000e+11	
   2.7535838559814397e+07	   1.5718031673485285e+13	   2.0546504500000000e+11	
   2.7595789908542633e+07	   1.5643575893858947e+13	   2.0541861500000000e+11	
   2.7655789908542633e+07	   1.5869431206137283e+13	   2.0345668000000000e+11	
   2.7715486235629193e+07	   1.5472585202955291e+13	   2.0528465000000000e+11	
   2.7775486235629193e+07	   1.6104390088158537e+13	   2.0333228000000000e+11	
   2.7835182285204373e+07	   1.5794816166406322e+13	   2.0329565000000000e+11	
   2.7895182285204373e+07	   1.5829859427344830e+13	   2.0325525000000000e+11	
   2.7955182285204373e+07	   1.6537728043612387e+13	   1.9938038000000000e+11	
   2.8014288619576856e+07	   1.6357526064627859e+13	   2.0124704500000000e+11	
   2.8074288619576856e+07	   1.5998440589489629e+13	   2.0312295000000000e+11	
   2.8134288619576856e+07	   1.6257550598670172e+13	   2.0117067500000000e+11	
   2.8194058824667756e+07	   1.6828910011328666e+13	   1.9729728000000000e+11	
   2.8254058824667756e+07	   1.6751654175580666e+13	   1.9917678000000000e+11	
   2.8314058824667756e+07	   1.6656323063242264e+13	   1.9913705000000000e+11	
   2.8373824503638152e+07	   1.6589152522550154e+13	   1.9910654500000000e+11	
   2.8433279433810763e+07	   1.6852205966128988e+13	   1.9714914500000000e+11	
   2.8493228615869366e+07	   1.6922051947792613e+13	   1.9710721500000000e+11	
   2.8553213617472742e+07	   1.7171018389086988e+13	   1.9516334500000000e+11	
   2.8613213617472742e+07	   1.7045105822920213e+13	   1.9703044500000000e+11	
   2.8672324559882350e+07	   1.6590749304453773e+13	   1.9891895000000000e+11	
   2.8731900731187087e+07	   1.7794763537090652e+13	   1.9120481000000000e+11	
   2.8791801640557699e+07	   1.7480764690271855e+13	   1.9309688000000000e+11	
   2.8851801640557699e+07	   1.7254055795375352e+13	   1.9498067500000000e+11	
   2.8911801640557699e+07	   1.7180298517958500e+13	   1.9493721000000000e+11	
   2.8971552534438111e+07	   1.7814599060955176e+13	   1.9106137500000000e+11	
   2.9031552534438111e+07	   1.7395599686611262e+13	   1.9295168000000000e+11	
   2.9091552534438111e+07	   1.7965540257424730e+13	   1.9098954500000000e+11	
   2.9151487311964799e+07	   1.7784051821335215e+13	   1.9095641000000000e+11	
   2.9211416635432832e+07	   1.7980539613095695e+13	   1.8896111000000000e+11	
   2.9271416635432832e+07	   1.8116573797600879e+13	   1.8893314500000000e+11	
   2.9326149079750076e+07	   1.7927094471255836e+13	   1.8889724500000000e+11	
   2.9385256425174028e+07	   1.8681570825309145e+13	   1.8694191500000000e+11	
   2.9445256425174028e+07	   1.8201368805445281e+13	   1.8882908000000000e+11	
   2.9504939923808467e+07	   1.8448244019450051e+13	   1.8688535000000000e+11	
   2.9564939923808467e+07	   1.8331827134244523e+13	   1.8685418000000000e+11	
   2.9624782015025951e+07	   1.8313651532854727e+13	   1.8681285000000000e+11	
   2.9684334107841387e+07	   1.8958155073966699e+13	   1.8485974500000000e+11	
   2.9744106895079944e+07	   1.8392019363762039e+13	   1.8675628500000000e+11	
   2.9803978602871094e+07	   1.8649101731149988e+13	   1.8480324500000000e+11	
   2.9863128622889362e+07	   1.8724269818817199e+13	   1.8477128500000000e+11	
   2.9923128622889362e+07	   1.8846482009478660e+13	   1.8473635000000000e+11	
   2.9982722233576268e+07	   1.8677690261261574e+13	   1.8471775000000000e+11	
   3.0042487948633958e+07	   1.9032720746269949e+13	   1.8275372000000000e+11	
   3.0102487948633958e+07	   1.8994875032858457e+13	   1.8272372000000000e+11	
   3.0162192867523678e+07	   1.9413819072355566e+13	   1.8077785000000000e+11	
   3.0221401837551326e+07	   1.9274668970144949e+13	   1.8266548500000000e+11	
   3.0281221157172710e+07	   1.9110664963976746e+13	   1.8263745500000000e+11	
   3.0340864578774892e+07	   1.9419928359388984e+13	   1.8069138500000000e+11	
   3.0400786333399471e+07	   1.9355394762441535e+13	   1.8066422000000000e+11	
   3.0459995291153129e+07	   1.9554803432921066e+13	   1.8063308500000000e+11	
   3.0519347599291321e+07	   1.9000182402608422e+13	   1.8252809000000000e+11	
   3.0579332441871967e+07	   1.8879010392189812e+13	   1.8249829000000000e+11	
   3.0639028367393028e+07	   1.9765609401977328e+13	   1.7862472500000000e+11	
   3.0698857569338463e+07	   1.9904712097025164e+13	   1.7855715000000000e+11	
   3.0758658138109379e+07	   2.0240814363490934e+13	   1.7661142000000000e+11	
   3.0818370729542058e+07	   1.9321871141984293e+13	   1.8042695500000000e+11	
   3.0877639330110259e+07	   1.9262039295013949e+13	   1.8039919000000000e+11	
   3.0937446867320564e+07	   1.9518798709776945e+13	   1.7844862000000000e+11	
   3.0996668431984007e+07	   2.0065199306440441e+13	   1.7650242000000000e+11	
   3.1056342936782438e+07	   2.0059414977881867e+13	   1.7647832500000000e+11	
   3.1116211005339105e+07	   1.9499677369344848e+13	   1.7837805500000000e+11	
   3.1175485064253118e+07	   1.9632809505659039e+13	   1.7834685500000000e+11	
   3.1235485064253118e+07	   1.8873635033102742e+13	   1.8024489000000000e+11	
   3.1295485064253118e+07	   2.0404682739553527e+13	   1.7445812500000000e+11	
   3.1355485064253118e+07	   2.0300003954156121e+13	   1.7442862000000000e+11	
   3.1415026656169288e+07	   2.1104920916285434e+13	   1.7248716000000000e+11	
   3.1473158407806542e+07	   1.9678745194909871e+13	   1.7630416000000000e+11	
   3.1532870041001629e+07	   1.9228115317113566e+13	   1.7820105500000000e+11	
   3.1592870041001629e+07	   2.0685004432539535e+13	   1.7241889000000000e+11	
   3.1652775649155933e+07	   2.0673324497417977e+13	   1.7239659000000000e+11	
   3.1712684492727485e+07	   2.1302929678970387e+13	   1.7045756000000000e+11	
   3.1772442716633253e+07	   2.0826841513701648e+13	   1.7234372500000000e+11	
   3.1832351983612005e+07	   2.0038799213781816e+13	   1.7424212500000000e+11	
   3.1892351983612005e+07	   1.9495508209954082e+13	   1.7610671000000000e+11	
   3.1952351983612005e+07	   2.1130769898037008e+13	   1.7033220500000000e+11	
   3.2010904602778967e+07	   2.1114197605704555e+13	   1.7030717500000000e+11	
   3.2070254052648190e+07	   2.1682576309541355e+13	   1.6835971000000000e+11	
   3.2130254052648190e+07	   2.0823406871523812e+13	   1.7025840500000000e+11	
   3.2190237734538730e+07	   1.9973409277976699e+13	   1.7408157500000000e+11	
   3.2249773774366401e+07	   2.0171090821909188e+13	   1.7214134000000000e+11	
   3.2309723724391930e+07	   2.1451367298764254e+13	   1.6828677000000000e+11	
   3.2369539363967899e+07	   2.1449191414227906e+13	   1.6826771500000000e+11	
   3.2429526533127159e+07	   2.1210510254462512e+13	   1.6824634500000000e+11	
   3.2489464114989404e+07	   2.1417167915996746e+13	   1.6822621000000000e+11	
   3.2549464114989404e+07	   2.0316883429056250e+13	   1.7203628000000000e+11	
   3.2609464114989404e+07	   2.1230309131415426e+13	   1.6817704500000000e+11	
   3.2669426595191460e+07	   2.1832495627549316e+13	   1.6623634500000000e+11	
   3.2729366515140299e+07	   2.1648746616646492e+13	   1.6622828000000000e+11	
   3.2788923576125842e+07	   2.1719421523521465e+13	   1.6620358000000000e+11	
   3.2847231263359293e+07	   2.1154380572109957e+13	   1.6810237500000000e+11	
   3.2907225674441446e+07	   2.0678772496518793e+13	   1.6999734000000000e+11	
   3.2967225674441446e+07	   2.2151788419330344e+13	   1.6421584500000000e+11	
   3.3027155809566405e+07	   2.2276039298055191e+13	   1.6419821000000000e+11	
   3.3086972097611442e+07	   2.2214897393665605e+13	   1.6417464500000000e+11	
   3.3146407885961384e+07	   2.2134559360118207e+13	   1.6415494500000000e+11	
   3.3206317702685233e+07	   2.1404486917000684e+13	   1.6605758000000000e+11	
   3.3266316561596423e+07	   2.1456036415312031e+13	   1.6604504500000000e+11	
   3.3325764733847816e+07	   2.2543695170669961e+13	   1.6216988000000000e+11	
   3.3385247472646546e+07	   2.1878190640791219e+13	   1.6404885000000000e+11	
   3.3444914152212646e+07	   2.2372560146376922e+13	   1.6210158500000000e+11	
   3.3504551622581050e+07	   2.2610933830540062e+13	   1.6016648500000000e+11	
   3.3564482931140557e+07	   2.2179995077618059e+13	   1.6206708500000000e+11	
   3.3624437553261019e+07	   2.2403253698515426e+13	   1.6204672000000000e+11	
   3.3684138470560543e+07	   2.2728397139869625e+13	   1.6010736000000000e+11	
   3.3744056416900992e+07	   2.2105062397135734e+13	   1.6200395000000000e+11	
   3.3803922756893396e+07	   2.3307646471202746e+13	   1.5814012500000000e+11	
   3.3863792830094375e+07	   2.3093576124071543e+13	   1.5812955500000000e+11	
   3.3923792830094375e+07	   2.1913109076258875e+13	   1.6193769000000000e+11	
   3.3983792830094375e+07	   2.2484290307111387e+13	   1.5999879000000000e+11	
   3.4043792830094375e+07	   2.1851049369285141e+13	   1.6190873000000000e+11	
   3.4103792830094375e+07	   2.2312313011814062e+13	   1.5996949000000000e+11	
   3.4163707223717093e+07	   2.3896695719305051e+13	   1.5419269000000000e+11	
   3.4222400410089284e+07	   2.3313792033824492e+13	   1.5608566000000000e+11	
   3.4282351391021363e+07	   2.2152601332608418e+13	   1.5990629000000000e+11	
   3.4342351391021363e+07	   2.2235749755124074e+13	   1.5989266000000000e+11	
   3.4401831483033605e+07	   2.2020617287912535e+13	   1.5986685500000000e+11	
   3.4461831483033605e+07	   2.3125577228759883e+13	   1.5601142500000000e+11	
   3.4521786679790489e+07	   2.4251016582093625e+13	   1.5215722000000000e+11	
   3.4581786679790489e+07	   2.3171089587564254e+13	   1.5597019000000000e+11	
   3.4641341517358638e+07	   2.2406078720004691e+13	   1.5787819500000000e+11	
   3.4700958422543526e+07	   2.1845347291981109e+13	   1.5977443000000000e+11	
   3.4760951975353494e+07	   2.3531595305993176e+13	   1.5399686500000000e+11	
   3.4820354062784947e+07	   2.4078312503975766e+13	   1.5206196000000000e+11	
   3.4878840465568036e+07	   2.4504657554808621e+13	   1.5012549500000000e+11	
   3.4938816715739287e+07	   2.3420782556670195e+13	   1.5394099500000000e+11	
   3.4998658941885248e+07	   2.3323856796462598e+13	   1.5392719500000000e+11	
   3.5057287000651486e+07	   2.2307220161780492e+13	   1.5774990000000000e+11	
   3.5117244403472990e+07	   2.3830620685296926e+13	   1.5197496500000000e+11	
   3.5177154295654498e+07	   2.4359252679863805e+13	   1.5003243000000000e+11	
   3.5233845638056003e+07	   2.4196716954952418e+13	   1.5001620500000000e+11	
   3.5293472495957762e+07	   2.3745750782655633e+13	   1.5191893500000000e+11	
   3.5351149898234792e+07	   2.3763925076886836e+13	   1.5190146500000000e+11	
   3.5409860691289701e+07	   2.2546760317613445e+13	   1.5572989500000000e+11	
   3.5469371804256015e+07	   2.4483960941632227e+13	   1.4803390000000000e+11	
   3.5529117884529263e+07	   2.4625136979001293e+13	   1.4798918500000000e+11	
   3.5588738767223641e+07	   2.5328915878482281e+13	   1.4605652000000000e+11	
   3.5648420497493938e+07	   2.4769382184792047e+13	   1.4796365000000000e+11	
   3.5707483209588856e+07	   2.3600430582664707e+13	   1.5178381500000000e+11	
   3.5767461893440135e+07	   2.2861326413406012e+13	   1.5368635000000000e+11	
   3.5826056135647759e+07	   2.4433285841794965e+13	   1.4792025000000000e+11	
   3.5884719723089755e+07	   2.5100620463853824e+13	   1.4598968500000000e+11	
   3.5944229756146558e+07	   2.5562044230521184e+13	   1.4405555000000000e+11	
   3.6003663998452857e+07	   2.5428490411269875e+13	   1.4403698500000000e+11	
   3.6063168771278560e+07	   2.4175649178734461e+13	   1.4785688500000000e+11	
   3.6122636596403562e+07	   2.3042429235242844e+13	   1.5167822000000000e+11	
   3.6182099902967803e+07	   2.4709856160825711e+13	   1.4590362000000000e+11	
   3.6241489565855891e+07	   2.5794623266510844e+13	   1.4205285000000000e+11	
   3.6300931922562703e+07	   2.5773647142081285e+13	   1.4204175000000000e+11	
   3.6360298315709196e+07	   2.5002909332295977e+13	   1.4394808500000000e+11	
   3.6419767851531006e+07	   2.3350302557051434e+13	   1.4968418500000000e+11	
   3.6477900510897443e+07	   2.3276796823873402e+13	   1.4966372000000000e+11	
   3.6537583872787803e+07	   2.5592289427366797e+13	   1.4197478500000000e+11	
   3.6597438804935910e+07	   2.6065361128632270e+13	   1.4004378500000000e+11	
   3.6657383688706309e+07	   2.6312506561909617e+13	   1.3812032000000000e+11	
   3.6717142146626130e+07	   2.5110564626673285e+13	   1.4193675500000000e+11	
   3.6776438737000167e+07	   2.3999989391798758e+13	   1.4576305500000000e+11	
   3.6834960945117280e+07	   2.2952953923536980e+13	   1.4958399000000000e+11	
   3.6894706328556523e+07	   2.5645830449025105e+13	   1.3996828500000000e+11	
   3.6954645738720708e+07	   2.6212767899674418e+13	   1.3802332000000000e+11	
   3.7013211821839973e+07	   2.5867337569773582e+13	   1.3801706000000000e+11	
   3.7073176710188344e+07	   2.4207153787912430e+13	   1.4376869000000000e+11	
   3.7132818059191018e+07	   2.3354419098901121e+13	   1.4567515500000000e+11	
   3.7192584908849686e+07	   2.4907210090907367e+13	   1.4181362000000000e+11	
   3.7251228173540011e+07	   2.6435693506781402e+13	   1.3604722500000000e+11	
   3.7311024473021194e+07	   2.6675978728771320e+13	   1.3410832500000000e+11	
   3.7370837006699391e+07	   2.4839187115725473e+13	   1.3986089000000000e+11	
   3.7429337088301927e+07	   2.4320243584958051e+13	   1.4175846000000000e+11	
   3.7489256263001934e+07	   2.4960627086419270e+13	   1.3982129500000000e+11	
   3.7549148659918323e+07	   2.5577852699622867e+13	   1.3788896000000000e+11	
   3.7609135729698412e+07	   2.6952620865537594e+13	   1.3211692500000000e+11	
   3.7669009192565143e+07	   2.6135982028662195e+13	   1.3402256000000000e+11	
   3.7728569471439213e+07	   2.4254724177824832e+13	   1.3976979500000000e+11	
   3.7788094210389659e+07	   2.4324549349085238e+13	   1.3974996500000000e+11	
   3.7847449168394618e+07	   2.5770985057681770e+13	   1.3589516000000000e+11	
   3.7906094869404115e+07	   2.6400332671635441e+13	   1.3204879500000000e+11	
   3.7965811993109971e+07	   2.6208442661700488e+13	   1.3203419500000000e+11	
   3.8025811993109971e+07	   2.4984855853522973e+13	   1.3586369500000000e+11	
   3.8085744060422227e+07	   2.5475966410770789e+13	   1.3393152500000000e+11	
   3.8145612832445167e+07	   2.5146850173989824e+13	   1.3583426000000000e+11	
   3.8205532058122329e+07	   2.5184318837173262e+13	   1.3389732500000000e+11	
   3.8265532058122329e+07	   2.6161169116538070e+13	   1.3004116000000000e+11	
   3.8323800603290953e+07	   2.5566023133940883e+13	   1.3193739500000000e+11	
   3.8383278160331629e+07	   2.5121714271469777e+13	   1.3384242500000000e+11	
   3.8442850259169191e+07	   2.5191742201022090e+13	   1.3190553000000000e+11	
   3.8501573766039073e+07	   2.4993518224830867e+13	   1.3189009500000000e+11	
   3.8560339787962563e+07	   2.5047726299273062e+13	   1.3186922500000000e+11	
   3.8619822809400104e+07	   2.5478646435115066e+13	   1.2993169000000000e+11	
   3.8679605364806309e+07	   2.5665883444985719e+13	   1.2799825500000000e+11	
   3.8739605364806309e+07	   2.5855262045846566e+13	   1.2797189500000000e+11	
   3.8799410393037088e+07	   2.5161774875307227e+13	   1.2987969500000000e+11	
   3.8859255845955141e+07	   2.5731333499073254e+13	   1.2601142500000000e+11	
   3.8918983827173166e+07	   2.5733508171459898e+13	   1.2598161500000000e+11	
   3.8978905364463329e+07	   2.4614332380743672e+13	   1.2980061500000000e+11	
   3.9038285524976343e+07	   2.5420024396560180e+13	   1.2593785000000000e+11	
   3.9097659860080935e+07	   2.4672938124916598e+13	   1.2785098500000000e+11	
   3.9157357252187237e+07	   2.5739747259994441e+13	   1.2398982000000000e+11	
   3.9216982004299469e+07	   2.4906926295765781e+13	   1.2587918500000000e+11	
   3.9275950046431273e+07	   2.4674972982085410e+13	   1.2586175000000000e+11	
   3.9335002862585478e+07	   2.4929117271364703e+13	   1.2391712000000000e+11	
   3.9393949981183529e+07	   2.4668418135089016e+13	   1.2389408500000000e+11	
   3.9453498264742807e+07	   2.4415857461955430e+13	   1.2387035500000000e+11	
   3.9513326592156544e+07	   2.5561554407903750e+13	   1.2000792000000000e+11	
   3.9573296406241730e+07	   2.4609691373397945e+13	   1.2191262000000000e+11	
   3.9633135027348660e+07	   2.4321056917568020e+13	   1.2189585500000000e+11	
   3.9693097805444218e+07	   2.5985528258038539e+13	   1.1610008500000000e+11	
   3.9752848700282373e+07	   2.5219895028917008e+13	   1.1801269000000000e+11	
   3.9812810994302981e+07	   2.4858978998441770e+13	   1.1799442000000000e+11	
   3.9872284835202761e+07	   2.5778597279075426e+13	   1.1413622000000000e+11	
   3.9931500854159079e+07	   2.4780633639832422e+13	   1.1603472000000000e+11	
   3.9991457109090343e+07	   2.4601173391043547e+13	   1.1601468500000000e+11	
   4.0050207212877125e+07	   2.5754801156733375e+13	   1.1215225000000000e+11	
   4.0108817613724269e+07	   2.4643388286668766e+13	   1.1405855000000000e+11	
   4.0166820723126397e+07	   2.4454951891243109e+13	   1.1403949000000000e+11	
   4.0226804419568054e+07	   2.4871461722215469e+13	   1.1209805500000000e+11	
   4.0286223188457936e+07	   2.4460402365151977e+13	   1.1207565500000000e+11	
   4.0344370320382349e+07	   2.4172044184820000e+13	   1.1206302000000000e+11	
   4.0403022814976230e+07	   2.5200484744950098e+13	   1.0819629000000000e+11	
   4.0462377203073688e+07	   2.3698609082495004e+13	   1.1202819000000000e+11	
   4.0521684240463249e+07	   2.3396455232692148e+13	   1.1200972000000000e+11	
   4.0581280278609827e+07	   2.4860186046646809e+13	   1.0622115500000000e+11	
   4.0640523610060826e+07	   2.3792079566829250e+13	   1.0811942000000000e+11	
   4.0699854013502009e+07	   2.4183443937222633e+13	   1.0618062500000000e+11	
   4.0759688328539655e+07	   2.4355882622059793e+13	   1.0423122500000000e+11	
   4.0818675659085423e+07	   2.2956886977400609e+13	   1.0805289000000000e+11	
   4.0877383965218261e+07	   2.4435278967056348e+13	   1.0226712500000000e+11	
   4.0936503101457752e+07	   2.3282391583455660e+13	   1.0416846000000000e+11	
   4.0995990635255545e+07	   2.3755043878801031e+13	   1.0222479000000000e+11	
   4.1055806727427326e+07	   2.3736175989570578e+13	   1.0026096000000000e+11	
   4.1115609447854221e+07	   2.2902902389370152e+13	   1.0216613000000000e+11	
   4.1175420389684238e+07	   2.3155925329117438e+13	   1.0023433000000000e+11	
   4.1234924248322740e+07	   2.1777035432013891e+13	   1.0404279500000000e+11	
   4.1294137086743869e+07	   2.2682183756789324e+13	   9.8249795000000000e+10	
   4.1353968198050372e+07	   2.1390609901656594e+13	   1.0207196000000000e+11	
   4.1413968198050372e+07	   2.2435880274238406e+13	   9.6270095000000000e+10	
   4.1473804982347697e+07	   2.1919586835474195e+13	   9.6243395000000000e+10	
   4.1533032959901609e+07	   2.1670201102946547e+13	   9.6213330000000000e+10	
   4.1592808764862299e+07	   2.2021981459366449e+13	   9.2342360000000000e+10	
   4.1652745015310250e+07	   2.0481794585485805e+13	   9.6169560000000000e+10	
   4.1712533655232303e+07	   2.1420230066284434e+13	   9.0365195000000000e+10	
   4.1772353271370158e+07	   2.0085367919798770e+13	   9.4188190000000000e+10	
   4.1832334008739889e+07	   2.0649418303150945e+13	   9.0309430000000000e+10	
   4.1892249157886013e+07	   1.9864136758122102e+13	   9.2215730000000000e+10	
   4.1951961314674184e+07	   2.0466165975971102e+13	   8.8336095000000000e+10	
   4.2011528802776426e+07	   2.0638680966530172e+13	   8.6422095000000000e+10	
   4.2071389425719954e+07	   2.0040453421486641e+13	   8.6362000000000000e+10	
   4.2130852230726361e+07	   2.1232705411559430e+13	   8.0594430000000000e+10	
   4.2190632317870162e+07	   1.9041609093882332e+13	   8.6309160000000000e+10	
   4.2249728176045872e+07	   2.0502515385752527e+13	   8.0576560000000000e+10	
   4.2306536618389323e+07	   1.8762655825861582e+13	   8.4369895000000000e+10	
   4.2366531417869814e+07	   1.9573192668117363e+13	   8.0527930000000000e+10	
   4.2426318573753521e+07	   1.9145289572551414e+13	   8.0504330000000000e+10	
   4.2485870490587845e+07	   1.9586121573664660e+13	   7.8562160000000000e+10	
   4.2544258905198552e+07	   1.9653169103852719e+13	   7.2823130000000000e+10	
   4.2602700111332372e+07	   1.8628854835794129e+13	   7.8513395000000000e+10	
   4.2661757859254323e+07	   1.8330355541246641e+13	   7.2746430000000000e+10	
   4.2721464755799286e+07	   1.6668819951972869e+13	   7.4619515000000000e+10	
   4.2781292712933794e+07	   1.7099118724637912e+13	   7.2680680000000000e+10	
   4.2841130822702244e+07	   1.5301905518785730e+13	   7.4532815000000000e+10	
   4.2901064883232988e+07	   1.6768022112132863e+13	   7.0743385000000000e+10	
   4.2960859570314728e+07	   1.7175773016194111e+13	   6.6920085000000000e+10	
   4.3020667638316311e+07	   1.5352989402959471e+13	   7.0672915000000000e+10	
   4.3080612325997934e+07	   1.6239921717408350e+13	   6.4972450000000000e+10	
   4.3140585385119237e+07	   1.5537913537698350e+13	   6.8731050000000000e+10	
   4.3200480096066393e+07	   1.5299352073373814e+13	   6.3035785000000000e+10	
   4.3260081857327610e+07	   1.4977740862325584e+13	   6.3021585000000000e+10	
   4.3319257980650268e+07	   1.4931477939559893e+13	   6.4892950000000000e+10	
   4.3378805893856190e+07	   1.3764490320243293e+13	   6.1098215000000000e+10	
   4.3438749578081511e+07	   1.3929305437123789e+13	   6.2938750000000000e+10	
   4.3498662854278848e+07	   1.3101490428621240e+13	   5.9128955000000000e+10	
   4.3558566518326871e+07	   1.3035793965975480e+13	   5.9095320000000000e+10	
   4.3618566518326871e+07	   1.2322928752011791e+13	   5.7173920000000000e+10	
   4.3677186758272462e+07	   1.1981569632066982e+13	   5.5249315000000000e+10	
   4.3737186758272462e+07	   1.1860353778521072e+13	   5.5213150000000000e+10	
   4.3796787105299383e+07	   1.1286696861165066e+13	   5.5212085000000000e+10	
   4.3856108802728787e+07	   1.0888871033439852e+13	   5.7088550000000000e+10	
   4.3915429736475103e+07	   1.0649784676529473e+13	   5.3260050000000000e+10	
   4.3975429736475103e+07	   9.9985264874287090e+12	   5.5141185000000000e+10	
   4.4031755490030125e+07	   9.8586022380653750e+12	   5.3218350000000000e+10	
   4.4086169830143273e+07	   9.4318491697524043e+12	   5.1278350000000000e+10	
   4.4145010823992707e+07	   9.3085066058835723e+12	   5.1260685000000000e+10	
   4.4204776828928232e+07	   8.8418467341989395e+12	   4.9319755000000000e+10	
   4.4264448302757435e+07	   8.6716220553108057e+12	   4.9307050000000000e+10	
   4.4324359903845564e+07	   8.3213220780451426e+12	   4.7362520000000000e+10	
   4.4384340614241116e+07	   8.0481357861502656e+12	   4.7348315000000000e+10	
   4.4443102387021348e+07	   7.7596084676188027e+12	   4.5383920000000000e+10	
   4.4502847840664081e+07	   7.5879024665412588e+12	   4.3442720000000000e+10	
   4.4562703975598648e+07	   7.0809138103011318e+12	   4.3422385000000000e+10	
   4.4622599635251261e+07	   6.9276823142229482e+12	   4.3384295000000000e+10	
   4.4682494662821241e+07	   6.4274428057522139e+12	   4.1463385000000000e+10	
   4.4739563499589607e+07	   6.1317543167107100e+12	   4.3371085000000000e+10	
   4.4798653537267081e+07	   6.0036858634544268e+12	   4.1436525000000000e+10	
   4.4857376229316287e+07	   5.6912677684075273e+12	   4.1419855000000000e+10	
   4.4916922731781445e+07	   5.4573802334460869e+12	   3.9452065000000000e+10	
   4.4976861527364142e+07	   5.2490770184779219e+12	   3.7515765000000000e+10	
   4.5035009042682000e+07	   4.9610806326054707e+12	   3.7501230000000000e+10	
   4.5095009042682000e+07	   4.6712445824835830e+12	   3.5558465000000000e+10	
   4.5154738161403775e+07	   4.3723987731618745e+12	   3.5544730000000000e+10	
   4.5213787577211462e+07	   4.2591089093034380e+12	   2.9761895000000000e+10	
   4.5273333476672873e+07	   3.6743423032638623e+12	   3.3583295000000000e+10	
   4.5333053996006586e+07	   3.6624914529354351e+12	   2.9723035000000000e+10	
   4.5392386486075334e+07	   3.0014217561107974e+12	   3.3551735000000000e+10	
   4.5451682652428344e+07	   2.6809514625858174e+12	   3.1609200000000000e+10	
   4.5511127337639689e+07	   2.5172944270099253e+12	   3.1598730000000000e+10	
   4.5570895746120460e+07	   2.2300806526080254e+12	   3.1583930000000000e+10	
   4.5630895746120460e+07	   2.1316807777508389e+12	   2.7690895000000000e+10	
   4.5690164796972908e+07	   1.8054408252411294e+12	   2.9603965000000000e+10	
   4.5748961860211574e+07	   1.4067529949286799e+12	   2.7668295000000000e+10	
   4.5808117784265026e+07	   1.4341154681425659e+12	   2.5724430000000000e+10	
   4.5867919814942241e+07	   8.2877543961547266e+11	   2.3783265000000000e+10	
   4.5924970304237291e+07	   9.0893990163392322e+11	   2.5699965000000000e+10	
   4.5984970304237291e+07	   6.3992763099675464e+11	   2.3755765000000000e+10	
   4.6044911305705816e+07	   4.4273871415695020e+11	   2.3738265000000000e+10	
   4.6104759982650250e+07	   9.2796489145065399e+10	   2.1799400000000000e+10	
   4.6164189448905759e+07	   1.7437308249308678e+10	   2.1785965000000000e+10	
   4.6222509576513797e+07	   3.3271296399441833e+09	   2.3693465000000000e+10	
   4.6281304456721254e+07	  -4.2361247600927783e+11	   1.9830565000000000e+10	
   4.6340679723965593e+07	  -6.3241200225621985e+11	   1.9818065000000000e+10	
   4.6399607879518829e+07	  -4.0431961180674377e+11	   1.7877495000000000e+10	
   4.6458007091668636e+07	  -8.7373729769737708e+11	   1.7867700000000000e+10	
   4.6517329262464084e+07	  -7.4692039028303638e+11	   1.7849100000000000e+10	
   4.6575643682775430e+07	  -6.0994046677773486e+11	   1.3992365000000000e+10	
   4.6634735507632263e+07	  -8.4647006301228467e+11	   1.5894530000000000e+10	
   4.6691326323654518e+07	  -9.0923933959415662e+11	   1.5882630000000000e+10	
   4.6751303094491221e+07	  -7.4126514772007458e+11	   1.3947700000000000e+10	
   4.6809945619049415e+07	  -9.9220781402041968e+11	   1.3931465000000000e+10	
   4.6869945619049415e+07	  -9.4750872795154626e+11	   1.3920330000000000e+10	
   4.6929790390453942e+07	  -9.9165208888843457e+11	   1.3911865000000000e+10	
   4.6989663453250408e+07	  -1.0280073022050881e+12	   1.1973235000000000e+10	
   4.7048909525472730e+07	  -1.0105849000397493e+12	   1.1966900000000000e+10	
   4.7108346292018279e+07	  -9.6857300516542786e+11	   8.1091650000000000e+09	
   4.7165970067290686e+07	  -1.0270670001073153e+12	   1.0015630000000000e+10	
   4.7223339373217233e+07	  -1.0343534794264233e+12	   1.0007100000000000e+10	
   4.7282636241022810e+07	  -9.7918599436614380e+11	   8.0701000000000000e+09	
   4.7342636241022810e+07	  -9.7977967619187500e+11	   8.0657650000000000e+09	
   4.7402566446401976e+07	  -9.7953798885651025e+11	   8.0444650000000000e+09	
   4.7462274507966764e+07	  -9.6974355174769617e+11	   8.0295650000000000e+09	
   4.7522274507966764e+07	  -9.7722467462871985e+11	   8.0252000000000000e+09	
   4.7581393129070461e+07	  -9.7846511409470715e+11	   8.0127000000000000e+09	
   4.7640910166394569e+07	  -9.8286019713446106e+11	   7.9943700000000000e+09	
   4.7700473322940141e+07	  -9.8302433012122168e+11	   7.9628000000000000e+09	
   4.7759998920377508e+07	  -9.8040906342728149e+11	   7.9787300000000000e+09	
   4.7819329749337621e+07	  -9.7740423559333447e+11	   7.9637650000000000e+09	
   4.7878734840050682e+07	  -9.7219156486160742e+11	   7.9482000000000000e+09	
   4.7938378803773083e+07	  -9.7498722270684155e+11	   7.9402350000000000e+09	
   4.7998353104968391e+07	  -9.8254635875381995e+11	   7.9022000000000000e+09	
   4.8057943627971478e+07	  -9.7534386180437170e+11	   7.8944350000000000e+09	
   4.8117148820298620e+07	  -9.8667318941490198e+11	   7.9060350000000000e+09	
   4.8176510804036848e+07	  -9.7382704646224390e+11	   7.8981350000000000e+09	
   4.8236030807615079e+07	  -9.7485106707569763e+11	   7.8874350000000000e+09	
   4.8295648585220210e+07	  -9.6924533542711816e+11	   7.8522350000000000e+09	
   4.8352901661558688e+07	  -9.7072032594940234e+11	   7.8415000000000000e+09	
   4.8411939119378209e+07	  -9.7016637544863879e+11	   7.8515000000000000e+09	
   4.8471880180366434e+07	  -9.6216173790578174e+11	   7.8197650000000000e+09	
   4.8531880180366434e+07	  -9.6455832392434631e+11	   7.8249050000000000e+09	
   4.8591523749581113e+07	  -9.6132788474723120e+11	   7.8190350000000000e+09	
   4.8650779959096730e+07	  -9.5656545252674377e+11	   7.8120350000000000e+09	
   4.8709768422976367e+07	  -9.4712158293255396e+11	   7.8039650000000000e+09	
   4.8765010825809002e+07	  -9.4804558916708398e+11	   7.7724350000000000e+09	
   4.8824313531311244e+07	  -9.5453262111076953e+11	   7.7776700000000000e+09	
   4.8884052294179171e+07	  -9.4654943237883630e+11	   7.7657650000000000e+09	
   4.8941554658328049e+07	  -9.4932891100602026e+11	   7.7571300000000000e+09	
   4.9001183132074088e+07	  -9.5079422318725000e+11	   7.7251300000000000e+09	
   4.9060545536015123e+07	  -9.4403476241963049e+11	   7.7188000000000000e+09	
   4.9119858661698014e+07	  -9.4229179267070093e+11	   7.7103350000000000e+09	
   4.9179307628911555e+07	  -9.3642417292866614e+11	   7.7218000000000000e+09	
   4.9239001692274496e+07	  -9.3164061131985693e+11	   7.7126700000000000e+09	
   4.9298783413519412e+07	  -9.3581276924524939e+11	   7.6993350000000000e+09	
   4.9357243306371816e+07	  -9.2904124992135571e+11	   7.6837000000000000e+09	
   4.9416617504714258e+07	  -9.2674524321178503e+11	   7.6563350000000000e+09	
   4.9475825956711166e+07	  -9.1165838233943872e+11	   7.6371700000000000e+09	
   4.9535049887465790e+07	  -9.1344498190901807e+11	   7.6451700000000000e+09	
   4.9593534543562703e+07	  -9.0966338055281604e+11	   7.6407650000000000e+09	
   4.9653412680922590e+07	  -8.9627029884857886e+11	   7.6320000000000000e+09	
   4.9713395723949984e+07	  -9.0115382418771936e+11	   7.6245300000000000e+09	
   4.9773336273343980e+07	  -8.9238101405993701e+11	   7.6190350000000000e+09	
   4.9833015402292900e+07	  -8.9225211776794360e+11	   7.6093000000000000e+09	
   4.9892874020115986e+07	  -8.8603372276140540e+11	   7.6004000000000000e+09	
   4.9952376514700703e+07	  -8.8382523914894983e+11	   7.5910650000000000e+09	
   5.0012162384785250e+07	  -8.8432655200776233e+11	   7.5795000000000000e+09	
   5.0072162384785250e+07	  -8.8329690427305103e+11	   7.5705000000000000e+09	
   5.0131508699794970e+07	  -8.8371340209530823e+11	   7.5541650000000000e+09	
   5.0190921182055727e+07	  -8.7433260474432910e+11	   7.5453000000000000e+09	
   5.0250603094865389e+07	  -8.6612646182603735e+11	   7.5420350000000000e+09	
   5.0309703985819213e+07	  -8.7001020726994189e+11	   7.5296650000000000e+09	
   5.0368889181416757e+07	  -8.6604651498414417e+11	   7.5178350000000000e+09	
   5.0424455974208862e+07	  -8.6021933932976782e+11	   7.5065000000000000e+09	
   5.0484455974208862e+07	  -8.6255600292996631e+11	   7.5013050000000000e+09	
   5.0543545900061846e+07	  -8.5436575123414697e+11	   7.4955700000000000e+09	
   5.0602855378347076e+07	  -8.5795379148884021e+11	   7.4751350000000000e+09	
   5.0662441618646741e+07	  -8.5511214666467126e+11	   7.4674000000000000e+09	
   5.0722262506703362e+07	  -8.5287841968799963e+11	   7.4611050000000000e+09	
   5.0782244131174609e+07	  -8.4144491263448584e+11	   7.4503700000000000e+09	
   5.0841980950818673e+07	  -8.4766885691950623e+11	   7.4463000000000000e+09	
   5.0901891661028452e+07	  -8.3828680290900427e+11	   7.4346650000000000e+09	
   5.0961697011443458e+07	  -8.3754129770803284e+11	   7.4225700000000000e+09	
   5.1021598142871626e+07	  -8.3540819845233740e+11	   7.4151350000000000e+09	
   5.1081598142871626e+07	  -8.3214372360990222e+11	   7.4063000000000000e+09	
   5.1141367830084756e+07	  -8.3366192342666577e+11	   7.3983000000000000e+09	
   5.1200972318522424e+07	  -8.3150110441721057e+11	   7.3839350000000000e+09	
   5.1260566376778513e+07	  -8.2932297436175769e+11	   7.3762400000000000e+09	
   5.1320566376778513e+07	  -8.2049651273756165e+11	   7.3651050000000000e+09	
   5.1380556159491263e+07	  -8.1862615858616748e+11	   7.3517350000000000e+09	
   5.1439971975967616e+07	  -8.1034775099112366e+11	   7.3437000000000000e+09	
   5.1499971975967616e+07	  -8.1610560139360217e+11	   7.3311000000000000e+09	
   5.1559372310656406e+07	  -8.0001676691894775e+11	   7.3190050000000000e+09	
   5.1618828488681778e+07	  -8.0700843994135376e+11	   7.3156350000000000e+09	
   5.1678705466352008e+07	  -7.9400395958620056e+11	   7.3057350000000000e+09	
   5.1738534838898897e+07	  -7.9097854115433972e+11	   7.2975350000000000e+09	
   5.1797530702759802e+07	  -7.8730973756887598e+11	   7.2834350000000000e+09	
   5.1857424526913032e+07	  -7.8786740495844836e+11	   7.2789700000000000e+09	
   5.1916558018317811e+07	  -7.8725811703970496e+11	   7.2679700000000000e+09	
   5.1976371887538917e+07	  -7.8105785527030505e+11	   7.2625000000000000e+09	
   5.2036321264268838e+07	  -7.8568917213238892e+11	   7.2545000000000000e+09	
   5.2096074775717467e+07	  -7.8952804581783301e+11	   7.2346700000000000e+09	
   5.2156074775717467e+07	  -7.7293396076378442e+11	   7.2269050000000000e+09	
   5.2215380082480013e+07	  -7.6964703540060107e+11	   7.2181350000000000e+09	
   5.2275245333626263e+07	  -7.6406232871266699e+11	   7.2122050000000000e+09	
   5.2335183130272225e+07	  -7.6247697600084399e+11	   7.1991700000000000e+09	
   5.2394565706193037e+07	  -7.5406283759546692e+11	   7.1874700000000000e+09	
   5.2453557074558616e+07	  -7.5413429281708655e+11	   7.1799400000000000e+09	
   5.2511334440748639e+07	  -7.5171608753606189e+11	   7.1723050000000000e+09	
   5.2571248814959690e+07	  -7.5388440167303357e+11	   7.1626000000000000e+09	
   5.2629671820882909e+07	  -7.5101298643741846e+11	   7.1529350000000000e+09	
   5.2689324208674036e+07	  -7.5190368942193811e+11	   7.1368350000000000e+09	
   5.2748925620735720e+07	  -7.5696250357070386e+11	   7.1277350000000000e+09	
   5.2808613985960513e+07	  -7.5529298012425122e+11	   7.1211700000000000e+09	
   5.2868345792681277e+07	  -7.5197509598936658e+11	   7.1132350000000000e+09	
   5.2927721039031908e+07	  -7.5175440990441443e+11	   7.1031700000000000e+09	
   5.2987542016434863e+07	  -7.5239741764330908e+11	   7.0941000000000000e+09	
   5.3046502946426600e+07	  -7.5601280659400854e+11	   7.0792350000000000e+09	
   5.3106476057382613e+07	  -7.5618755036378809e+11	   7.0701400000000000e+09	
   5.3166140833556473e+07	  -7.5612729351764685e+11	   7.0838300000000000e+09	
   5.3226075423873201e+07	  -7.5091999039224805e+11	   7.0450050000000000e+09	
   5.3285631954902910e+07	  -7.4836391147029321e+11	   7.0416700000000000e+09	
   5.3344219681734771e+07	  -7.4451080447395215e+11	   7.0331350000000000e+09	
   5.3403900591271274e+07	  -7.4922137429662109e+11	   7.0445300000000000e+09	
   5.3463454077376321e+07	  -7.4993496587968909e+11	   7.0038050000000000e+09	
   5.3523347073396042e+07	  -7.5931026467517285e+11	   7.0172600000000000e+09	
   5.3582668696633041e+07	  -7.6014648560799829e+11	   7.0091600000000000e+09	
   5.3642600190271765e+07	  -7.5380097587319360e+11	   7.0071950000000000e+09	
   5.3700486977174513e+07	  -7.5603697461965198e+11	   6.9915650000000000e+09	
   5.3760233368353717e+07	  -7.6171248723765393e+11	   7.0111300000000000e+09	
   5.3820099817808323e+07	  -7.6531989898858069e+11	   7.0074950000000000e+09	
   5.3879325930316068e+07	  -7.6420029275877051e+11	   6.9889950000000000e+09	
   5.3939170181315854e+07	  -7.6494857317705396e+11	   6.9767950000000000e+09	
   5.3998643735313565e+07	  -7.6314875696330334e+11	   6.9718300000000000e+09	
   5.4058424147070184e+07	  -7.6231255681121252e+11	   6.9646650000000000e+09	
   5.4118065227851495e+07	  -7.6184290962114001e+11	   6.9491600000000000e+09	
   5.4177135685454503e+07	  -7.6355516034698206e+11	   6.9369300000000000e+09	
   5.4236486031101353e+07	  -7.7012264782344910e+11	   6.9305650000000000e+09	
   5.4295966435146295e+07	  -7.6425315973391479e+11	   6.9181300000000000e+09	
   5.4355904209845111e+07	  -7.6552278997838269e+11	   6.9077350000000000e+09	
   5.4415512157329142e+07	  -7.6143924188277539e+11	   6.9046300000000000e+09	
   5.4475512157329142e+07	  -7.5886947870987488e+11	   6.8961600000000000e+09	
   5.4535512157329142e+07	  -7.5960787933621826e+11	   6.8765600000000000e+09	
   5.4595420076211989e+07	  -7.6745470239436023e+11	   6.8671600000000000e+09	
   5.4655120500965394e+07	  -7.6733254452495032e+11	   6.8640300000000000e+09	
   5.4713213799519084e+07	  -7.6757729584660620e+11	   6.8589600000000000e+09	
   5.4773001972109035e+07	  -7.6998362838995386e+11	   6.8443250000000000e+09	
   5.4832816622149035e+07	  -7.6124721895378870e+11	   6.8341300000000000e+09	
   5.4892810977569237e+07	  -7.6143740212798376e+11	   6.8264300000000000e+09	
   5.4951590000759952e+07	  -7.6134103099543665e+11	   6.8130950000000000e+09	
   5.5011489993462779e+07	  -7.5877488213046887e+11	   6.8033300000000000e+09	
   5.5071399623874180e+07	  -7.6389568463768335e+11	   6.7979600000000000e+09	
   5.5131140691486299e+07	  -7.6677972224127002e+11	   6.7887300000000000e+09	
   5.5191038937832519e+07	  -7.6313505971007043e+11	   6.7753600000000000e+09	
   5.5250501111932017e+07	  -7.6252440061247937e+11	   6.7644950000000000e+09	
   5.5310296157252371e+07	  -7.6232300193449243e+11	   6.7563000000000000e+09	
   5.5370210953579813e+07	  -7.6109821213915576e+11	   6.7494950000000000e+09	
   5.5429722000811078e+07	  -7.5911527175632825e+11	   6.7361650000000000e+09	
   5.5487520054701567e+07	  -7.4988142081049475e+11	   6.7305950000000000e+09	
   5.5547204345079966e+07	  -7.5332874131062317e+11	   6.7204950000000000e+09	
   5.5607204345079966e+07	  -7.5144008441559546e+11	   6.7124300000000000e+09	
   5.5665940461694591e+07	  -7.5182183169343616e+11	   6.7113950000000000e+09	
   0.0000000000000000e+00	   0.0000000000000000e+00	   0.0000000000000000e+00	
   0.0000000000000000e+00	   0.0000000000000000e+00	   0.0000000000000000e+00	
