   2.1266356332059550e-02	   0.0000000000000000e+00	   0.0000000000000000e+00	
   4.0156757166965629e-01	   0.0000000000000000e+00	   0.0000000000000000e+00	
   4.1777656110767420e+00	   0.0000000000000000e+00	   0.0000000000000000e+00	
   4.2331231599805591e+01	   0.0000000000000000e+00	   0.0000000000000000e+00	
   2.4967749670329490e+03	   0.0000000000000000e+00	   0.0000000000000000e+00	
   6.4630786310888525e+03	   0.0000000000000000e+00	   0.0000000000000000e+00	
   1.2626180770700857e+04	   0.0000000000000000e+00	   0.0000000000000000e+00	
   2.2753365106631525e+04	   0.0000000000000000e+00	   0.0000000000000000e+00	
   4.2046690761603852e+04	   0.0000000000000000e+00	   0.0000000000000000e+00	
   7.8023170661536205e+04	   0.0000000000000000e+00	   0.0000000000000000e+00	
   1.1659307457562807e+05	   0.0000000000000000e+00	   0.0000000000000000e+00	
   1.5424405699403814e+05	   0.0000000000000000e+00	   0.0000000000000000e+00	
   1.9127878021999312e+05	   0.0000000000000000e+00	   0.0000000000000000e+00	
   2.2843778402476179e+05	   0.0000000000000000e+00	   0.0000000000000000e+00	
   2.6627428881678951e+05	   0.0000000000000000e+00	   0.0000000000000000e+00	
   3.0533613389770204e+05	   0.0000000000000000e+00	   0.0000000000000000e+00	
   3.4562501887951087e+05	   0.0000000000000000e+00	   0.0000000000000000e+00	
   3.8753250428159622e+05	   0.0000000000000000e+00	   0.0000000000000000e+00	
   4.3113111151255760e+05	   0.0000000000000000e+00	   0.0000000000000000e+00	
   4.7587567262122908e+05	   0.0000000000000000e+00	   0.0000000000000000e+00	
   5.2116029625073302e+05	   0.0000000000000000e+00	   0.0000000000000000e+00	
   5.6705598271567759e+05	   0.0000000000000000e+00	   0.0000000000000000e+00	
   6.1386501395797986e+05	   0.0000000000000000e+00	   0.0000000000000000e+00	
   6.6215578672283678e+05	   0.0000000000000000e+00	   0.0000000000000000e+00	
   7.1229054746002657e+05	   0.0000000000000000e+00	   0.0000000000000000e+00	
   7.6466724184526084e+05	   0.0000000000000000e+00	   0.0000000000000000e+00	
   8.1990233651702199e+05	   0.0000000000000000e+00	   0.0000000000000000e+00	
   8.7845684944161423e+05	   0.0000000000000000e+00	   0.0000000000000000e+00	
   9.3845684944161423e+05	   0.0000000000000000e+00	   0.0000000000000000e+00	
   9.9845684944161423e+05	   0.0000000000000000e+00	   0.0000000000000000e+00	
   1.0584568494416142e+06	   0.0000000000000000e+00	   0.0000000000000000e+00	
   1.1184568494416142e+06	   0.0000000000000000e+00	   0.0000000000000000e+00	
   1.1784568494416142e+06	  -6.7952660011212090e+10	   2.5360000000000000e+08	
   1.2384568494416142e+06	  -1.5727520804437827e+11	   5.6720000000000000e+08	
   1.2984568494416142e+06	  -2.7211114627698538e+11	   9.4480000000000000e+08	
   1.3584568494416142e+06	  -3.8906771148954822e+11	   1.3168000000000000e+09	
   1.4184568494416142e+06	  -5.3527480179316302e+11	   1.7560000000000000e+09	
   1.4784568494416142e+06	  -6.8461714172514905e+11	   2.1980000000000000e+09	
   1.5384568494416142e+06	  -8.5586288488908020e+11	   2.6840000000000000e+09	
   1.5984568494416142e+06	  -1.0302531858774987e+12	   3.1540000000000000e+09	
   1.6584568494416142e+06	  -1.2336252024382405e+12	   3.6840000000000000e+09	
   1.7184568494416142e+06	  -1.4515026813858665e+12	   4.2220000000000000e+09	
   1.7784568494416142e+06	  -1.6850835441455039e+12	   4.7780000000000000e+09	
   1.8384235995293772e+06	  -2.3756987760210840e+12	   6.6079700000000000e+09	
   1.8971857842390914e+06	  -3.5166224392360010e+12	   9.6322600000000000e+09	
   1.9554747694688942e+06	  -4.2591125000471948e+12	   1.1440480000000000e+10	
   2.0145625693165741e+06	  -5.4778770503421318e+12	   1.4512040000000000e+10	
   2.0741730404303218e+06	  -5.8313329806751279e+12	   1.5136040000000000e+10	
   2.1338569288087231e+06	  -7.5082296076895518e+12	   1.9492510000000000e+10	
   2.1936420527399164e+06	  -8.2645163534204795e+12	   2.1372860000000000e+10	
   2.2536411183021036e+06	  -1.0027610299219338e+13	   2.5772640000000000e+10	
   2.3136411183021036e+06	  -9.7931903825975469e+12	   2.5190210000000000e+10	
   2.3736411183021036e+06	  -1.1040119798100516e+13	   2.8368770000000000e+10	
   2.4336411183021036e+06	  -1.2387110618024068e+13	   3.1555230000000000e+10	
   2.4936411183021036e+06	  -1.3603550438891641e+13	   3.4794300000000000e+10	
   2.5536411183021036e+06	  -1.4494938597457068e+13	   3.6755010000000000e+10	
   2.6136411183021036e+06	  -1.5740921980765449e+13	   4.0031240000000000e+10	
   2.6736411183021036e+06	  -1.6140481439509062e+13	   4.0702110000000000e+10	
   2.7336411183021036e+06	  -1.6983853834916027e+13	   4.2677460000000000e+10	
   2.7936411183021036e+06	  -1.7882905747276238e+13	   4.4660330000000000e+10	
   2.8536411183021036e+06	  -2.0506926838380758e+13	   5.0532610000000000e+10	
   2.9136411183021036e+06	  -2.0905514787049816e+13	   5.1223990000000000e+10	
   2.9736411183021036e+06	  -2.1862992849041824e+13	   5.3247960000000000e+10	
   3.0336411183021036e+06	  -2.2880064351374727e+13	   5.5229650000000000e+10	
   3.0936411183021036e+06	  -2.4495307290950570e+13	   5.8540020000000000e+10	
   3.1536411183021036e+06	  -2.5109595278405621e+13	   5.9214770000000000e+10	
   3.2136411183021036e+06	  -2.6379444642948957e+13	   6.1215050000000000e+10	
   3.2736411183021036e+06	  -2.7163498618790551e+13	   6.1907870000000000e+10	
   3.3336411183021036e+06	  -2.8642159265924559e+13	   6.3970090000000000e+10	
   3.3936411183021036e+06	  -3.0244360821804926e+13	   6.5962330000000000e+10	
   3.4536411183021036e+06	  -3.1989704526008773e+13	   6.8046780000000000e+10	
   3.5136411183021036e+06	  -3.3858002896575055e+13	   7.0139180000000000e+10	
   3.5736411183021036e+06	  -3.5202179579305008e+13	   7.0863810000000000e+10	
   3.6336411183021036e+06	  -3.7856469485128500e+13	   7.4336300000000000e+10	
   3.6936411183021036e+06	  -4.1298915903248953e+13	   7.9281370000000000e+10	
   3.7536411183021036e+06	  -4.2803408267170648e+13	   8.0015400000000000e+10	
   3.8136411183021036e+06	  -4.3861626743178055e+13	   7.9409000000000000e+10	
   3.8736411183021036e+06	  -4.7629377204997156e+13	   8.4346290000000000e+10	
   3.9336411183021036e+06	  -5.0966975463879812e+13	   8.7933310000000000e+10	
   3.9936411183021036e+06	  -5.3151298084741438e+13	   8.8784660000000000e+10	
   4.0536411183021036e+06	  -5.4974074573367953e+13	   8.8069580000000000e+10	
   4.1136411183021036e+06	  -5.8260149867707633e+13	   9.0462820000000000e+10	
   4.1736411183021036e+06	  -6.2403577873690883e+13	   9.4051080000000000e+10	
   4.2336411183021041e+06	  -6.6593783948191875e+13	   9.7671110000000000e+10	
   4.2936411183021041e+06	  -6.8812679796283672e+13	   9.8431640000000000e+10	
   4.3536411183021041e+06	  -7.0960062842803719e+13	   9.9208463200000000e+10	
   4.4136411183021041e+06	  -7.2016173054703422e+13	   9.8555141300000000e+10	
   4.4736411183021041e+06	  -7.7098871341436203e+13	   1.0375963200000000e+11	
   4.5336411183021041e+06	  -7.9917693006126750e+13	   1.0608009730000000e+11	
   4.5936411183021041e+06	  -7.7375861657523453e+13	   1.0246260080000000e+11	
   4.6528005731428843e+06	  -8.3097055901047938e+13	   1.0911249240000000e+11	
   4.6923549679276077e+06	  -8.0420212435498438e+13	   1.0706601120000000e+11	
   4.7161172588353995e+06	  -8.2788173169837891e+13	   1.1032055000000000e+11	
   4.7357148500903053e+06	  -8.5765401555456266e+13	   1.1405009000000000e+11	
   4.7545298412538730e+06	  -8.5216377050213062e+13	   1.1319580500000000e+11	
   4.7738966228843806e+06	  -8.3864850721873156e+13	   1.1084661500000000e+11	
   4.7947403128429111e+06	  -8.5142180606823188e+13	   1.1150487390000000e+11	
   4.8179049888990549e+06	  -9.0266894849032844e+13	   1.1570421520000000e+11	
   4.8422318416968165e+06	  -9.3273142090416766e+13	   1.1840308630000000e+11	
   4.8674699957183124e+06	  -9.3097235262064531e+13	   1.1765657210000000e+11	
   4.8938985911238492e+06	  -9.3002253543905344e+13	   1.1731051590000000e+11	
   4.9215269877952263e+06	  -9.6503417617451938e+13	   1.2126680140000000e+11	
   4.9504623880210770e+06	  -9.8834746580027656e+13	   1.2404924500000000e+11	
   4.9804427576692989e+06	  -9.7087482801165109e+13	   1.2175804000000000e+11	
   5.0072081463971501e+06	  -9.9527542558057797e+13	   1.2423752500000000e+11	
   5.0243428795199459e+06	  -1.0395134192555381e+14	   1.3021731000000000e+11	
   5.0405614816807201e+06	  -1.0481977793693786e+14	   1.3161921000000000e+11	
   5.0564024573625382e+06	  -1.0695529714736559e+14	   1.3422018000000000e+11	
   5.0721233858799022e+06	  -1.0670085379071761e+14	   1.3360052500000000e+11	
   5.0877729547375450e+06	  -1.1013846891664941e+14	   1.3806556000000000e+11	
   5.1033330865646405e+06	  -1.0875873069046339e+14	   1.3575401000000000e+11	
   5.1188722523628166e+06	  -1.1206319925046541e+14	   1.3994164500000000e+11	
   5.1344187273947215e+06	  -1.1079424984523058e+14	   1.3764684500000000e+11	
   5.1500682242024541e+06	  -1.1296557940859869e+14	   1.4017602500000000e+11	
   5.1658737514861971e+06	  -1.1394496237812178e+14	   1.4101262500000000e+11	
   5.1818960116949147e+06	  -1.1721371208139184e+14	   1.4519394500000000e+11	
   5.1980816787146777e+06	  -1.1692737533831822e+14	   1.4446296000000000e+11	
   5.2145145936859259e+06	  -1.1899624123584012e+14	   1.4695336000000000e+11	
   5.2312029057723628e+06	  -1.1972572520998845e+14	   1.4781391000000000e+11	
   5.2481474730435172e+06	  -1.2050761306269088e+14	   1.4863739000000000e+11	
   5.2653492459821897e+06	  -1.2252672803904330e+14	   1.5088902000000000e+11	
   5.2827758778535947e+06	  -1.2444379296945017e+14	   1.5341230500000000e+11	
   5.3004895445827739e+06	  -1.2250694968403852e+14	   1.5059100500000000e+11	
   5.3184690667908499e+06	  -1.2575267680750945e+14	   1.5446972000000000e+11	
   5.3367805949509628e+06	  -1.2613409516485261e+14	   1.5493930000000000e+11	
   5.3554370801109495e+06	  -1.2392659506932103e+14	   1.5199836500000000e+11	
   5.3745416037843162e+06	  -1.2573399553712759e+14	   1.5410982000000000e+11	
   5.3942455687913457e+06	  -1.2865277476243077e+14	   1.5779628500000000e+11	
   5.4144769259968586e+06	  -1.2897235977077227e+14	   1.5813061500000000e+11	
   5.4353074475102378e+06	  -1.2796391450490686e+14	   1.5672458000000000e+11	
   5.4568647143095620e+06	  -1.2962577110367666e+14	   1.5873122000000000e+11	
   5.4792009898899840e+06	  -1.3267787632586119e+14	   1.6242426500000000e+11	
   5.5023710377915045e+06	  -1.3434985441781931e+14	   1.6439718500000000e+11	
   5.5265031420665905e+06	  -1.3053864015413205e+14	   1.5949087000000000e+11	
   5.5517806899698544e+06	  -1.3226131646043720e+14	   1.6144912000000000e+11	
   5.5783207629884621e+06	  -1.3262377696640983e+14	   1.6166146500000000e+11	
   5.6061046707681110e+06	  -1.3290240266636223e+14	   1.6184795000000000e+11	
   5.6352340829087235e+06	  -1.3761103189646769e+14	   1.6722642000000000e+11	
   5.6657892091333261e+06	  -1.3792224371398697e+14	   1.6737575000000000e+11	
   5.6978479958406398e+06	  -1.3543969161150258e+14	   1.6407038500000000e+11	
   5.7315435021361560e+06	  -1.3582649221961930e+14	   1.6422335500000000e+11	
   5.7670836853859071e+06	  -1.3766767917667958e+14	   1.6610605500000000e+11	
   5.8044433455494512e+06	  -1.3662395754861069e+14	   1.6447615000000000e+11	
   5.8438102652912010e+06	  -1.3699367032939652e+14	   1.6459309000000000e+11	
   5.8852293031063052e+06	  -1.3742103879450205e+14	   1.6472598500000000e+11	
   5.9287750766423829e+06	  -1.3926631385277530e+14	   1.6656872000000000e+11	
   5.9743812244210048e+06	  -1.4110451404478778e+14	   1.6839742000000000e+11	
   6.0220397475463767e+06	  -1.4157976991016866e+14	   1.6850065000000000e+11	
   6.0716315836628284e+06	  -1.4184732423953416e+14	   1.6854725000000000e+11	
   6.1232836694461396e+06	  -1.4082998319351203e+14	   1.6687135000000000e+11	
   6.1769624306955030e+06	  -1.4268824044826384e+14	   1.6871785500000000e+11	
   6.2329016639732011e+06	  -1.4452511320988391e+14	   1.7056039000000000e+11	
   6.2907691130215479e+06	  -1.4309501917161053e+14	   1.6886196000000000e+11	
   6.3505584577359343e+06	  -1.4315832514620322e+14	   1.6893856000000000e+11	
   6.4105584577359343e+06	  -1.4286156453844988e+14	   1.6899622500000000e+11	
   6.4705584577359343e+06	  -1.4094331983762016e+14	   1.6729329000000000e+11	
   6.5305584577359343e+06	  -1.4181574293884469e+14	   1.6911539000000000e+11	
   6.5905584577359343e+06	  -1.4107646015334778e+14	   1.6919352500000000e+11	
   6.6505584577359343e+06	  -1.4022061120535420e+14	   1.6922132000000000e+11	
   6.7105584577359343e+06	  -1.3761367473870945e+14	   1.6746822000000000e+11	
   6.7705584577359343e+06	  -1.3660423787731562e+14	   1.6753115500000000e+11	
   6.8305584577359343e+06	  -1.3851593976937772e+14	   1.7114912500000000e+11	
   6.8905584577359343e+06	  -1.3591004862232678e+14	   1.6942329000000000e+11	
   6.9505584577359343e+06	  -1.3922762061945048e+14	   1.7484335500000000e+11	
   7.0105584577359343e+06	  -1.3494215392437398e+14	   1.7132599000000000e+11	
   7.0705584577359343e+06	  -1.3380418310395645e+14	   1.7186252500000000e+11	
   7.1305584577359343e+06	  -1.3243211532575433e+14	   1.7195153000000000e+11	
   7.1905584577359343e+06	  -1.3091698126478550e+14	   1.7202929000000000e+11	
   7.2505584577359343e+06	  -1.3110145646674078e+14	   1.7441222500000000e+11	
   7.3105584577359343e+06	  -1.2955634971217073e+14	   1.7455059000000000e+11	
   7.3705584577359343e+06	  -1.2623634674940419e+14	   1.7285649000000000e+11	
   7.4305584577359343e+06	  -1.2289953072965222e+14	   1.7114702500000000e+11	
   7.4905584577359343e+06	  -1.2441446306405938e+14	   1.7548279000000000e+11	
   7.5505584577359343e+06	  -1.2242051684176953e+14	   1.7562049000000000e+11	
   7.6105584577359343e+06	  -1.2028608794856533e+14	   1.7571756000000000e+11	
   7.6705584577359343e+06	  -1.1852787709007159e+14	   1.7649296000000000e+11	
   7.7305584577359343e+06	  -1.1787981079950434e+14	   1.7846036000000000e+11	
   7.7905584577359343e+06	  -1.1560375782987227e+14	   1.7860569000000000e+11	
   7.8505584577359343e+06	  -1.1068136733587622e+14	   1.7582306000000000e+11	
   7.9105584577359343e+06	  -1.1152618147122022e+14	   1.7961796500000000e+11	
   7.9705584577359343e+06	  -1.0924478750181112e+14	   1.7976603000000000e+11	
   8.0305584577359343e+06	  -1.0743407480588411e+14	   1.8065009500000000e+11	
   8.0905584577359343e+06	  -1.0676003023599728e+14	   1.8265050000000000e+11	
   8.1505584577359343e+06	  -1.0280481661768189e+14	   1.8099119500000000e+11	
   8.2105584577359343e+06	  -1.0266450162876939e+14	   1.8378932500000000e+11	
   8.2705584577359343e+06	  -9.8731855936352906e+13	   1.8215866500000000e+11	
   8.3305584577359343e+06	  -9.9573052110492906e+13	   1.8597579500000000e+11	
   8.3905584577359352e+06	  -9.7225352181132406e+13	   1.8612176000000000e+11	
   8.4505584577359352e+06	  -9.4060014684905438e+13	   1.8535693000000000e+11	
   8.5105584577359352e+06	  -9.3343613781243547e+13	   1.8737189500000000e+11	
   8.5705584577359352e+06	  -8.9475597126189266e+13	   1.8570236500000000e+11	
   8.6305584577359352e+06	  -9.2640832870958312e+13	   1.9230039500000000e+11	
   8.6905584577359352e+06	  -8.8757357310128344e+13	   1.9068373000000000e+11	
   8.7505584577359352e+06	  -8.6548357654564141e+13	   1.9087100000000000e+11	
   8.8105584577359352e+06	  -8.2611308997849719e+13	   1.8922632500000000e+11	
   8.8705584577359352e+06	  -8.2013640043662672e+13	   1.9125213000000000e+11	
   8.9305584577359334e+06	  -8.2316263223786391e+13	   1.9430593000000000e+11	
   8.9905584577359334e+06	  -7.9913732110110984e+13	   1.9447339500000000e+11	
   9.0505584577359334e+06	  -7.4513267212098266e+13	   1.9102996000000000e+11	
   9.1105584577359334e+06	  -7.7012159747933359e+13	   1.9669653000000000e+11	
   9.1705584577359334e+06	  -7.7627078607663094e+13	   1.9983406500000000e+11	
   9.2305584577359334e+06	  -7.3754227760304656e+13	   1.9818083500000000e+11	
   9.2905584577359334e+06	  -6.8311855400358828e+13	   1.9472869500000000e+11	
   9.3505584577359334e+06	  -7.0964901994867094e+13	   2.0048560000000000e+11	
   9.4105584577359334e+06	  -7.0387834863174266e+13	   2.0249609500000000e+11	
   9.4705584577359334e+06	  -6.6937056243168523e+13	   2.0085929500000000e+11	
   9.5305584577359334e+06	  -6.2708777330038945e+13	   1.9856776500000000e+11	
   9.5905584577359334e+06	  -6.4139277118891023e+13	   2.0250846500000000e+11	
   9.6505584577359334e+06	  -6.4183684554544125e+13	   2.0455376500000000e+11	
   9.7105584577359334e+06	  -6.1912912228930359e+13	   2.0480819500000000e+11	
   9.7705584577359334e+06	  -5.9752987444221250e+13	   2.0502679500000000e+11	
   9.8305584577359334e+06	  -5.7435148187504844e+13	   2.0335273000000000e+11	
   9.8905584577359334e+06	  -5.5612698666952570e+13	   2.0353889500000000e+11	
   9.9505584577359334e+06	  -5.5187696810785773e+13	   2.0506343000000000e+11	
   1.0010558457735933e+07	  -5.5334272696070688e+13	   2.0714536000000000e+11	
   1.0070558457735933e+07	  -5.6737729871932703e+13	   2.1109896000000000e+11	
   1.0130558457735933e+07	  -5.2728717110532531e+13	   2.0763603000000000e+11	
   1.0190558457735933e+07	  -5.2857232888134367e+13	   2.0968450000000000e+11	
   1.0250558457735933e+07	  -5.1542843173381680e+13	   2.0994770500000000e+11	
   1.0310558457735933e+07	  -5.1810699783138562e+13	   2.1200300000000000e+11	
   1.0370558457735933e+07	  -4.9310410726492836e+13	   2.1037570000000000e+11	
   1.0430558457735933e+07	  -5.0624712849118680e+13	   2.1432250000000000e+11	
   1.0490558457735933e+07	  -5.1924363363560930e+13	   2.1789613500000000e+11	
   1.0550558457735933e+07	  -4.9787466067345148e+13	   2.1623936500000000e+11	
   1.0610558457735933e+07	  -5.0324216946314695e+13	   2.1836130000000000e+11	
   1.0670558457735933e+07	  -4.8370813342305047e+13	   2.1672390000000000e+11	
   1.0730558457735933e+07	  -4.9536033814972023e+13	   2.2073363000000000e+11	
   1.0790558457735933e+07	  -4.7907653621564586e+13	   2.1902899500000000e+11	
   1.0850558457735933e+07	  -4.9882644221476523e+13	   2.2686833500000000e+11	
   1.0910558457735933e+07	  -4.7400330747795320e+13	   2.2137846000000000e+11	
   1.0970558457735933e+07	  -4.5810085210627406e+13	   2.1972519500000000e+11	
   1.1030558457735933e+07	  -4.8142493412645305e+13	   2.2938589500000000e+11	
   1.1090558457735933e+07	  -4.5219838038058516e+13	   2.2204116500000000e+11	
   1.1150558457735933e+07	  -4.3869065636496664e+13	   2.2035996500000000e+11	
   1.1210558457735933e+07	  -4.7136429051539375e+13	   2.3382216500000000e+11	
   1.1270558457735933e+07	  -4.4553936032652086e+13	   2.2831903500000000e+11	
   1.1330558457735933e+07	  -4.4403869344204391e+13	   2.2831900000000000e+11	
   1.1390558457735933e+07	  -4.5402824227986352e+13	   2.3421216500000000e+11	
   1.1450558457735933e+07	  -4.4746126631899516e+13	   2.3250946500000000e+11	
   1.1510558457735933e+07	  -4.3563182925467055e+13	   2.3273620000000000e+11	
   1.1570558457735933e+07	  -4.2444995971686500e+13	   2.3104689500000000e+11	
   1.1630558457735933e+07	  -4.3692854184053695e+13	   2.3690723000000000e+11	
   1.1690558457735933e+07	  -4.2440162699016586e+13	   2.3522282500000000e+11	
   1.1750558457735933e+07	  -4.0894024963005305e+13	   2.3162952500000000e+11	
   1.1810558457735933e+07	  -4.1831627573006156e+13	   2.3748019500000000e+11	
   1.1870558457735933e+07	  -4.1728131902458062e+13	   2.3767586000000000e+11	
   1.1930558457735933e+07	  -4.0959684660599320e+13	   2.3789526500000000e+11	
   1.1990558457735933e+07	  -3.9740055991117922e+13	   2.3424106500000000e+11	
   1.2050558457735933e+07	  -4.0458077545758055e+13	   2.4010296000000000e+11	
   1.2110558457735933e+07	  -4.0294138438358555e+13	   2.4029456500000000e+11	
   1.2170558457735933e+07	  -3.9204488011303961e+13	   2.3859063000000000e+11	
   1.2230558457735933e+07	  -3.8990351433892242e+13	   2.3870016500000000e+11	
   1.2290558457735933e+07	  -3.9329059400462367e+13	   2.4272369500000000e+11	
   1.2350558457735933e+07	  -3.9354081005110688e+13	   2.4475210000000000e+11	
   1.2410558457735933e+07	  -3.8041795906365547e+13	   2.4112886000000000e+11	
   1.2470558457735933e+07	  -3.7924095736961664e+13	   2.4131049500000000e+11	
   1.2530558457735933e+07	  -3.7887953821150328e+13	   2.4337400000000000e+11	
   1.2590558457735933e+07	  -3.8028337812453023e+13	   2.4542103000000000e+11	
   1.2650558457735933e+07	  -3.7461037796217953e+13	   2.4369733500000000e+11	
   1.2710558457735933e+07	  -3.7315845458391375e+13	   2.4384373500000000e+11	
   1.2770558457735933e+07	  -3.7530928194207867e+13	   2.4780713500000000e+11	
   1.2830558457735933e+07	  -3.7559945220409773e+13	   2.4798370500000000e+11	
   1.2890558457735933e+07	  -3.7083945394383539e+13	   2.5003103500000000e+11	
   1.2950558457735933e+07	  -3.6778752988424055e+13	   2.4632496500000000e+11	
   1.3010558457735933e+07	  -3.6920414871085898e+13	   2.5036563500000000e+11	
   1.3070558457735933e+07	  -3.8537298242125234e+13	   2.5429520000000000e+11	
   1.3130558457735933e+07	  -3.8538535345850133e+13	   2.5256736500000000e+11	
   1.3190558457735933e+07	  -3.8036629473937852e+13	   2.5273597000000000e+11	
   1.3250558457735933e+07	  -3.7976673751646219e+13	   2.5480590000000000e+11	
   1.3310558457735933e+07	  -3.7858221626939961e+13	   2.5690200500000000e+11	
   1.3370558457735933e+07	  -3.8037585648242141e+13	   2.5512220500000000e+11	
   1.3430558457735933e+07	  -3.7615065975355445e+13	   2.5338610000000000e+11	
   1.3490558457735933e+07	  -3.7310257575827641e+13	   2.5546720500000000e+11	
   1.3550558457735933e+07	  -3.7004476808532461e+13	   2.5945670500000000e+11	
   1.3610558457735933e+07	  -3.7124914958058633e+13	   2.5574691000000000e+11	
   1.3670558457735933e+07	  -3.7103691599345812e+13	   2.5786901000000000e+11	
   1.3730558457735933e+07	  -3.6651804628146297e+13	   2.5802581000000000e+11	
   1.3790558457735933e+07	  -3.6713209513807461e+13	   2.5814151500000000e+11	
   1.3850558457735933e+07	  -3.6245743563922820e+13	   2.6215471000000000e+11	
   1.3910558457735933e+07	  -3.6300693651645477e+13	   2.5848747500000000e+11	
   1.3970558457735933e+07	  -3.6013898729459234e+13	   2.5867168000000000e+11	
   1.4030558457735933e+07	  -3.5956825488962227e+13	   2.5882491500000000e+11	
   1.4090558457735933e+07	  -3.5608230872120812e+13	   2.6281345000000000e+11	
   1.4150558457735933e+07	  -3.5597024346452359e+13	   2.6297611500000000e+11	
   1.4210558457735933e+07	  -3.5471023378838102e+13	   2.6120702000000000e+11	
   1.4270558457735933e+07	  -3.5356193827750648e+13	   2.5943805000000000e+11	
   1.4330558457735933e+07	  -3.4965103891759637e+13	   2.6344809000000000e+11	
   1.4390558457735933e+07	  -3.4809797149610332e+13	   2.6745322000000000e+11	
   1.4450558457735933e+07	  -3.4539026711128801e+13	   2.6760615500000000e+11	
   1.4510558457735933e+07	  -3.4749188743541484e+13	   2.6394161500000000e+11	
   1.4570558457735933e+07	  -3.5138965644230027e+13	   2.6027135500000000e+11	
   1.4630558457735933e+07	  -3.4808817973920129e+13	   2.6616595500000000e+11	
   1.4690558457735933e+07	  -3.4891660210784848e+13	   2.7213205000000000e+11	
   1.4750558457735933e+07	  -3.4984901004452375e+13	   2.7038711500000000e+11	
   1.4810558457735933e+07	  -3.5158892503528312e+13	   2.6666964500000000e+11	
   1.4870558457735933e+07	  -3.5477800820303703e+13	   2.6298218000000000e+11	
   1.4930558457735933e+07	  -3.5214849925648016e+13	   2.7087201000000000e+11	
   1.4990558457735933e+07	  -3.5558229102212000e+13	   2.7295574500000000e+11	
   1.5050558457735933e+07	  -3.5599856223260203e+13	   2.7120515000000000e+11	
   1.5110558457735933e+07	  -3.5743029581915836e+13	   2.6750024500000000e+11	
   1.5170558457735933e+07	  -3.6086803656010297e+13	   2.6766675000000000e+11	
   1.5230558457735933e+07	  -3.5744943527832547e+13	   2.7553638000000000e+11	
   1.5290558457735933e+07	  -3.6131574200392414e+13	   2.7571251500000000e+11	
   1.5350558457735933e+07	  -3.6146393070936898e+13	   2.7394638000000000e+11	
   1.5410558457735933e+07	  -3.6230276112545312e+13	   2.6833461500000000e+11	
   1.5470558457735933e+07	  -3.6192215693762383e+13	   2.7430844500000000e+11	
   1.5530558457735933e+07	  -3.6249120238489938e+13	   2.7445417500000000e+11	
   1.5590558457735933e+07	  -3.6137812911830789e+13	   2.8043674500000000e+11	
   1.5650558457735933e+07	  -3.6097791149156930e+13	   2.7867345000000000e+11	
   1.5710558457735933e+07	  -3.6078021920487047e+13	   2.7302588000000000e+11	
   1.5770558457735933e+07	  -3.5918334463845359e+13	   2.7513288000000000e+11	
   1.5830558457735933e+07	  -3.5642408920203164e+13	   2.7725391000000000e+11	
   1.5890558457735933e+07	  -3.5382887513833750e+13	   2.8322144500000000e+11	
   1.5950558457735933e+07	  -3.5161838231898656e+13	   2.8340138500000000e+11	
   1.6010558457735933e+07	  -3.5162975385210016e+13	   2.7580051500000000e+11	
   1.6070558457735933e+07	  -3.4844805665958594e+13	   2.7983305000000000e+11	
   1.6130558457735933e+07	  -3.4547574855355273e+13	   2.8001594500000000e+11	
   1.6190558457735933e+07	  -3.4306351756812145e+13	   2.8017297500000000e+11	
   1.6250558457735933e+07	  -3.4015462745247074e+13	   2.8617148000000000e+11	
   1.6310558457735933e+07	  -3.4058593652917277e+13	   2.7855998000000000e+11	
   1.6370558457735933e+07	  -3.3612783134153223e+13	   2.7874821500000000e+11	
   1.6430558457735933e+07	  -3.3286703279283480e+13	   2.8083928500000000e+11	
   1.6490558457735933e+07	  -3.2964015595699887e+13	   2.8681234500000000e+11	
   1.6550558457735933e+07	  -3.2672972137651457e+13	   2.8893618000000000e+11	
   1.6610558457735933e+07	  -3.2553109194461871e+13	   2.8522784500000000e+11	
   1.6670558457735933e+07	  -3.2542503511162895e+13	   2.8147988000000000e+11	
   1.6730558457735933e+07	  -3.2333155354008082e+13	   2.8362081500000000e+11	
   1.6790558457735933e+07	  -3.1652038435410898e+13	   2.8569884500000000e+11	
   1.6850558457735933e+07	  -3.1169843571781062e+13	   2.8976368000000000e+11	
   1.6910558457735933e+07	  -3.0895365023752312e+13	   2.8990611500000000e+11	
   1.6970558457735933e+07	  -3.1112080786217719e+13	   2.8422114000000000e+11	
   1.7030558457735933e+07	  -3.0748704938544812e+13	   2.8245991000000000e+11	
   1.7090558457735933e+07	  -3.0335162951274789e+13	   2.8841584500000000e+11	
   1.7150558457735933e+07	  -2.9891771576450410e+13	   2.9055198000000000e+11	
   1.7210558457735933e+07	  -2.9651370070521113e+13	   2.9264441500000000e+11	
   1.7270558457735933e+07	  -2.9909020024606949e+13	   2.9280545000000000e+11	
   1.7330558457735933e+07	  -3.0312720414539090e+13	   2.8905865000000000e+11	
   1.7390558457735933e+07	  -3.0814677447673137e+13	   2.8532448000000000e+11	
   1.7450558457735933e+07	  -3.0835209482112410e+13	   2.9129145000000000e+11	
   1.7510558457735933e+07	  -3.0881823217498316e+13	   2.9339574500000000e+11	
   1.7570558457735933e+07	  -3.0424439657123707e+13	   2.9549515500000000e+11	
   1.7630558457735933e+07	  -3.0534919413560871e+13	   2.9563358500000000e+11	
   1.7690558457735933e+07	  -3.0457779392404496e+13	   2.9381928000000000e+11	
   1.7750558457735933e+07	  -3.0682293162385195e+13	   2.9199565500000000e+11	
   1.7810558457735933e+07	  -3.0696474530393055e+13	   2.9017708000000000e+11	
   1.7870558457735933e+07	  -3.0961302367204492e+13	   2.9614948500000000e+11	
   1.7930558457735933e+07	  -3.1173926632518910e+13	   2.9433768500000000e+11	
   1.7990558457735933e+07	  -3.1083455653913852e+13	   2.9833488500000000e+11	
   1.8050558457735933e+07	  -3.1134851054354180e+13	   2.9648778500000000e+11	
   1.8110558457735933e+07	  -3.1271824078987328e+13	   2.9465121500000000e+11	
   1.8170558457735933e+07	  -3.1381533964585297e+13	   2.9478728000000000e+11	
   1.8230558457735933e+07	  -3.1800982813713625e+13	   2.9492631000000000e+11	
   1.8290558457735933e+07	  -3.1983339627278703e+13	   2.9697181000000000e+11	
   1.8350558457735933e+07	  -3.2125348820347184e+13	   2.9516181000000000e+11	
   1.8410558457735933e+07	  -3.1688108433960117e+13	   2.9915301000000000e+11	
   1.8470558457735933e+07	  -3.1626519484550559e+13	   2.9930307500000000e+11	
   1.8530558457735933e+07	  -3.1627231901690832e+13	   2.9941861000000000e+11	
   1.8590558457735933e+07	  -3.1496536583968297e+13	   2.9757571000000000e+11	
   1.8650558457735933e+07	  -3.1339176861700578e+13	   2.9966718000000000e+11	
   1.8710558457735933e+07	  -3.1728755665830660e+13	   2.9975257500000000e+11	
   1.8770558457735933e+07	  -3.1583364399174113e+13	   2.9990900500000000e+11	
   1.8830558457735933e+07	  -3.2351930233696648e+13	   2.9610510500000000e+11	
   1.8890558457735933e+07	  -3.1753866275408676e+13	   3.0014014000000000e+11	
   1.8950558457735933e+07	  -3.2041892146252766e+13	   3.0022141000000000e+11	
   1.9010558457735933e+07	  -3.2007963455095668e+13	   3.0233527000000000e+11	
   1.9070558457735933e+07	  -3.1962572212686277e+13	   3.0241680500000000e+11	
   1.9130558457735933e+07	  -3.2153849468824293e+13	   3.0058254000000000e+11	
   1.9190558457735933e+07	  -3.2113901062817676e+13	   3.0068234000000000e+11	
   1.9250558457735933e+07	  -3.2135247476979684e+13	   3.0270903500000000e+11	
   1.9310558457735933e+07	  -3.2164087251283148e+13	   3.0087663500000000e+11	
   1.9370558457735933e+07	  -3.1899909764432223e+13	   3.0291503500000000e+11	
   1.9430428612399876e+07	  -3.2090326647864273e+13	   3.0105686500000000e+11	
   1.9490428612399876e+07	  -3.1932558897140891e+13	   3.0117960000000000e+11	
   1.9550428612399876e+07	  -3.1339736496559164e+13	   3.0514616500000000e+11	
   1.9610428612399876e+07	  -3.1384484126647883e+13	   3.0525713000000000e+11	
   1.9670428612399876e+07	  -3.1399640589270188e+13	   3.0532816000000000e+11	
   1.9730428612399876e+07	  -3.0816852254867414e+13	   3.0735626000000000e+11	
   1.9790428612399876e+07	  -3.0328655087760734e+13	   3.0746696000000000e+11	
   1.9850428612399876e+07	  -3.0119941642926098e+13	   3.0753209500000000e+11	
   1.9910428612399876e+07	  -3.0013236086774082e+13	   3.0569302500000000e+11	
   1.9970428612399876e+07	  -3.0319884230645246e+13	   3.0381056000000000e+11	
   2.0030428612399876e+07	  -2.9886125288702617e+13	   3.0385176000000000e+11	
   2.0090428612399876e+07	  -2.9890553986230512e+13	   3.0393522500000000e+11	
   2.0150428612399876e+07	  -2.9767022146004227e+13	   3.0399199500000000e+11	
   2.0209991676810943e+07	  -2.9422619055449250e+13	   3.0406372500000000e+11	
   2.0269725239268366e+07	  -2.9340199822062699e+13	   3.0412906000000000e+11	
   2.0329725239268366e+07	  -2.8924112485012559e+13	   3.0414709000000000e+11	
   2.0389725239268366e+07	  -2.8883521637638211e+13	   3.0428752500000000e+11	
   2.0449725239268366e+07	  -2.8607470607259270e+13	   3.0428905500000000e+11	
   2.0509725239268366e+07	  -2.8585290106762797e+13	   3.0630365500000000e+11	
   2.0569725239268366e+07	  -2.8189173363790918e+13	   3.0639646000000000e+11	
   2.0629725239268366e+07	  -2.8000428221731828e+13	   3.0642882500000000e+11	
   2.0689725239268366e+07	  -2.7957603655656434e+13	   3.0452175500000000e+11	
   2.0749725239268366e+07	  -2.7871243790414473e+13	   3.0460322000000000e+11	
   2.0809714027440451e+07	  -2.7571086421109996e+13	   3.0460498500000000e+11	
   2.0869714027440451e+07	  -2.6848742189641434e+13	   3.0664121500000000e+11	
   2.0929714027440451e+07	  -2.6352019018839242e+13	   3.0667005000000000e+11	
   2.0989714027440451e+07	  -2.5913609507550727e+13	   3.0670858000000000e+11	
   2.1049714027440451e+07	  -2.5237069732020172e+13	   3.0676808500000000e+11	
   2.1109672082629059e+07	  -2.4823939546679410e+13	   3.0680184500000000e+11	
   2.1169672082629059e+07	  -2.4440170509422707e+13	   3.0682074500000000e+11	
   2.1229668733163755e+07	  -2.4037781861155277e+13	   3.0690991000000000e+11	
   2.1289668733163755e+07	  -2.3274619671957344e+13	   3.0690867500000000e+11	
   2.1349668733163755e+07	  -2.2434178900055668e+13	   3.0693554000000000e+11	
   2.1409668733163755e+07	  -2.2099919052288195e+13	   3.0892077500000000e+11	
   2.1469668733163755e+07	  -2.1383883858312277e+13	   3.0893627500000000e+11	
   2.1529668733163755e+07	  -2.1356025039747652e+13	   3.0898553500000000e+11	
   2.1589668733163755e+07	  -2.0798231865929547e+13	   3.0900077000000000e+11	
   2.1649668733163755e+07	  -2.0494364640227234e+13	   3.0901787000000000e+11	
   2.1709668733163755e+07	  -1.9852896439144273e+13	   3.0903077000000000e+11	
   2.1769668733163755e+07	  -1.9215087437719953e+13	   3.0902580500000000e+11	
   2.1829668733163755e+07	  -1.9146121317424758e+13	   3.0708006500000000e+11	
   2.1889668733163755e+07	  -1.8339324086223961e+13	   3.0708053500000000e+11	
   2.1949668733163755e+07	  -1.7851131350205633e+13	   3.0512800000000000e+11	
   2.2009668733163755e+07	  -1.7677235550946016e+13	   3.0315933500000000e+11	
   2.2069668733163755e+07	  -1.6886013987661438e+13	   3.0316613500000000e+11	
   2.2129668733163755e+07	  -1.6144062003255834e+13	   3.0511036500000000e+11	
   2.2189668733163755e+07	  -1.5701273310134172e+13	   3.0311397000000000e+11	
   2.2249668733163755e+07	  -1.4939610131158941e+13	   3.0700866500000000e+11	
   2.2309668733163755e+07	  -1.4546794549265824e+13	   3.0305760000000000e+11	
   2.2369514868893661e+07	  -1.4222613505834238e+13	   3.0106489500000000e+11	
   2.2429514868893661e+07	  -1.3536513245573752e+13	   3.0297302500000000e+11	
   2.2489514868893661e+07	  -1.3216107260149492e+13	   3.0100189000000000e+11	
   2.2549514868893661e+07	  -1.2517126659231406e+13	   3.0286583000000000e+11	
   2.2609150759632695e+07	  -1.1918245098427115e+13	   3.0282392500000000e+11	
   2.2669150759632695e+07	  -1.1567213118696439e+13	   2.9886529500000000e+11	
   2.2729150759632695e+07	  -1.2168545036069047e+13	   3.0392269500000000e+11	
   2.2789150759632695e+07	  -1.0479650763190033e+13	   3.0063942000000000e+11	
   2.2849150759632695e+07	  -1.0244464433010162e+13	   2.9666379000000000e+11	
   2.2909150759632695e+07	  -1.1284728182341230e+13	   3.0173662500000000e+11	
   2.2969150759632695e+07	  -9.1836037333584570e+12	   2.9848472000000000e+11	
   2.3029150759632695e+07	  -8.9432900671941875e+12	   2.9251905500000000e+11	
   2.3089088398921710e+07	  -8.2300961125853008e+12	   2.9629438500000000e+11	
   2.3148959877541713e+07	  -7.7437512376623242e+12	   2.9428168500000000e+11	
   2.3206981531161550e+07	  -7.3625745613531035e+12	   2.9226175000000000e+11	
   2.3266981531161550e+07	  -6.3990899325321113e+12	   2.9217225000000000e+11	
   2.3326981531161550e+07	  -6.3569479647335605e+12	   2.9204748000000000e+11	
   2.3386981531161550e+07	  -6.0029312084582012e+12	   2.9192367500000000e+11	
   2.3446981531161550e+07	  -5.4427575347068135e+12	   2.8987734500000000e+11	
   2.3506865511543900e+07	  -5.5003876970927852e+12	   2.8976368000000000e+11	
   2.3566812776749071e+07	  -4.8256222742273809e+12	   2.8771261000000000e+11	
   2.3626808520756017e+07	  -4.8964472321254707e+12	   2.8568787500000000e+11	
   2.3686808520756017e+07	  -3.8006272445925903e+12	   2.8557634000000000e+11	
   2.3746685965178933e+07	  -4.1024743468126138e+12	   2.8547914000000000e+11	
   2.3806685965178933e+07	  -3.4569069259212339e+12	   2.8538507500000000e+11	
   2.3866685965178933e+07	  -3.1204216329361323e+12	   2.8332453500000000e+11	
   2.3926685965178933e+07	  -3.4115951973176270e+12	   2.8124730500000000e+11	
   2.3986685965178933e+07	  -2.2205113890843765e+12	   2.8112197000000000e+11	
   2.4046666577567987e+07	  -2.8403545738793145e+12	   2.8298263500000000e+11	
   2.4106537476520881e+07	  -1.8141815450126445e+12	   2.7901660000000000e+11	
   2.4166497351492584e+07	  -1.4748733547429629e+12	   2.7698500000000000e+11	
   2.4226366229968250e+07	  -1.6813781488495957e+12	   2.7883072500000000e+11	
   2.4286366229968250e+07	  -1.6020456433670063e+12	   2.7677819500000000e+11	
   2.4346366229968250e+07	  -1.4094936115070127e+12	   2.7474992500000000e+11	
   2.4406366229968250e+07	  -1.9917714398134702e+12	   2.7857593000000000e+11	
   2.4466366229968250e+07	  -1.2917115193759165e+12	   2.7460403000000000e+11	
   2.4526322631961703e+07	   3.0766186410024348e+13	   2.0604576000000000e+11	
   2.4586157486360691e+07	   3.0572682586855500e+13	   2.0597743000000000e+11	
   2.4646157486360691e+07	   3.0775718502530805e+13	   2.0588136000000000e+11	
   2.4706157486360691e+07	   3.0878693393128148e+13	   2.0580382500000000e+11	
   2.4766043053635225e+07	   3.0856847239880828e+13	   2.0378292500000000e+11	
   2.4826043053635225e+07	   3.1502723987539293e+13	   2.0173112500000000e+11	
   2.4885807140846930e+07	   3.0992015043159395e+13	   2.0361159000000000e+11	
   2.4945807140846930e+07	   3.1093025046435309e+13	   2.0159736000000000e+11	
   2.5003956707020871e+07	   3.2254344566298797e+13	   1.9762789000000000e+11	
   2.5062573497819073e+07	   3.0281912583275746e+13	   2.0535989000000000e+11	
   2.5121532981870197e+07	   3.0772860061089848e+13	   2.0136032000000000e+11	
   2.5180881239138559e+07	   3.2383261154585812e+13	   1.9545812000000000e+11	
   2.5240271360405069e+07	   3.0381422192961617e+13	   2.0318965000000000e+11	
   2.5300080590870433e+07	   3.0843267037545547e+13	   1.9923735000000000e+11	
   2.5357892981415164e+07	   3.3132671713548398e+13	   1.9138392000000000e+11	
   2.5417249087988283e+07	   3.1027132591443191e+13	   1.9911828500000000e+11	
   2.5477249087988283e+07	   3.1179889400608348e+13	   1.9710345000000000e+11	
   2.5535475942493428e+07	   3.3367682184919391e+13	   1.8925964500000000e+11	
   2.5594995425058175e+07	   3.1293266761642246e+13	   1.9699548000000000e+11	
   2.5653534671981815e+07	   3.0836938753080582e+13	   1.9690758500000000e+11	
   2.5713431065215889e+07	   3.3129715441078043e+13	   1.8905861500000000e+11	
   2.5772780864018101e+07	   3.1498209837238875e+13	   1.9485768000000000e+11	
   2.5832384858847264e+07	   3.0985890665758012e+13	   1.9480358000000000e+11	
   2.5884611142389279e+07	   3.3320183009324219e+13	   1.8697041500000000e+11	
   2.5944553890539411e+07	   3.3646123929645664e+13	   1.8691828000000000e+11	
   2.6004371232403085e+07	   3.2124178782053738e+13	   1.9074825000000000e+11	
   2.6064335602452096e+07	   3.3178279003531691e+13	   1.8680308000000000e+11	
   2.6123087605362318e+07	   3.3419092296518574e+13	   1.8675588000000000e+11	
   2.6182189057189867e+07	   3.1408291448528820e+13	   1.9255671000000000e+11	
   2.6241135654409185e+07	   3.2663402960893961e+13	   1.8663758000000000e+11	
   2.6300821070568699e+07	   3.3394012792081621e+13	   1.8463771500000000e+11	
   2.6360182367641084e+07	   3.2270796378531129e+13	   1.8849624500000000e+11	
   2.6416575570192844e+07	   3.1827855597675801e+13	   1.8844981500000000e+11	
   2.6472018346147988e+07	   3.3586753523438387e+13	   1.8256205000000000e+11	
   2.6532018346147988e+07	   3.4053069350219043e+13	   1.8252554000000000e+11	
   2.6591958652414724e+07	   3.2661697394332324e+13	   1.8637558000000000e+11	
   2.6651012771742336e+07	   3.2666459191016832e+13	   1.8439625000000000e+11	
   2.6710569412181284e+07	   3.3636926738399875e+13	   1.8045518000000000e+11	
   2.6770489111439932e+07	   3.4378983085263121e+13	   1.8040801500000000e+11	
   2.6825936252821840e+07	   3.3664656727566082e+13	   1.8037637500000000e+11	
   2.6885900986498281e+07	   3.3309541625131254e+13	   1.8030347500000000e+11	
   2.6943997135771025e+07	   3.3026677433560523e+13	   1.8221051000000000e+11	
   2.7002342924843032e+07	   3.4723094535991805e+13	   1.7827427500000000e+11	
   2.7062101218053173e+07	   3.4668751122246734e+13	   1.7629851000000000e+11	
   2.7120870264813159e+07	   3.3985718977125797e+13	   1.7820644500000000e+11	
   2.7180848077222493e+07	   3.3243978463172758e+13	   1.8011588000000000e+11	
   2.7240568849736415e+07	   3.4903268536808336e+13	   1.7619317500000000e+11	
   2.7300175793124665e+07	   3.4996216562988617e+13	   1.7421641000000000e+11	
   2.7358443776222784e+07	   3.3612700469122883e+13	   1.8001985000000000e+11	
   2.7418384944165099e+07	   3.3678966144580324e+13	   1.7803708000000000e+11	
   2.7477301040428367e+07	   3.5198004315080398e+13	   1.7406871500000000e+11	
   2.7537063309921853e+07	   3.6037321579862625e+13	   1.7014532000000000e+11	
   2.7596213818629842e+07	   3.4907806166143320e+13	   1.7401368000000000e+11	
   2.7654530596803427e+07	   3.4532103070070625e+13	   1.7397078000000000e+11	
   2.7713529186806072e+07	   3.4979633332995793e+13	   1.7393731000000000e+11	
   2.7770578129603047e+07	   3.5846268251165117e+13	   1.7195945000000000e+11	
   2.7830562909014486e+07	   3.6433686571381695e+13	   1.6804494500000000e+11	
   2.7889670587140739e+07	   3.4423006242979020e+13	   1.7579448000000000e+11	
   2.7949498314033344e+07	   3.4796565465610184e+13	   1.7187827500000000e+11	
   2.8008724612506945e+07	   3.5198785198732320e+13	   1.7184961000000000e+11	
   2.8068017985540599e+07	   3.6458357105286023e+13	   1.6981727500000000e+11	
   2.8127206953758147e+07	   3.6831045930165977e+13	   1.6785357500000000e+11	
   2.8186039250407666e+07	   3.5825678229553195e+13	   1.6976811000000000e+11	
   2.8245552409232263e+07	   3.6074879139963836e+13	   1.6973971500000000e+11	
   2.8305535378200676e+07	   3.5937091246635273e+13	   1.6971914500000000e+11	
   2.8365108970677875e+07	   3.6264463041547062e+13	   1.6968661500000000e+11	
   2.8425001119240813e+07	   3.6554274925097586e+13	   1.6770474500000000e+11	
   2.8484571863045968e+07	   3.6872415702947070e+13	   1.6573471000000000e+11	
   2.8544464405179050e+07	   3.6765034871437523e+13	   1.6570264500000000e+11	
   2.8603165892449968e+07	   3.6235193737250602e+13	   1.6762375000000000e+11	
   2.8662460774430301e+07	   3.6651463700904938e+13	   1.6759778000000000e+11	
   2.8720197994607817e+07	   3.6938488042861102e+13	   1.6563321500000000e+11	
   2.8780056033737246e+07	   3.7237706055264688e+13	   1.6360715500000000e+11	
   2.8836687181242276e+07	   3.7369131580220375e+13	   1.6358712000000000e+11	
   2.8895842835179921e+07	   3.6856505232498547e+13	   1.6551009000000000e+11	
   2.8955778380447771e+07	   3.7111283937249953e+13	   1.6547826000000000e+11	
   2.9014752085256908e+07	   3.6826344348306555e+13	   1.6545852500000000e+11	
   2.9073315062905274e+07	   3.7350178287714672e+13	   1.6348749000000000e+11	
   2.9132659807369981e+07	   3.7089351117791086e+13	   1.6346115500000000e+11	
   2.9192578138205487e+07	   3.7234429303217055e+13	   1.6343329500000000e+11	
   2.9252578138205487e+07	   3.7193788934155984e+13	   1.6340629000000000e+11	
   2.9312578138205487e+07	   3.6767130969318852e+13	   1.6532852500000000e+11	
   2.9371675144278921e+07	   3.8415267088549273e+13	   1.5946526000000000e+11	
   2.9431208704019539e+07	   3.8059639840451250e+13	   1.5944156000000000e+11	
   2.9488980665381499e+07	   3.8294577179500438e+13	   1.5941769000000000e+11	
   2.9545916046457082e+07	   3.7627324517491461e+13	   1.6134929000000000e+11	
   2.9604379908943057e+07	   3.7654012972899312e+13	   1.6128712500000000e+11	
   2.9664313692394204e+07	   3.7144204744810516e+13	   1.6324819500000000e+11	
   2.9721749545513462e+07	   3.8865196971127180e+13	   1.5734576000000000e+11	
   2.9781195165722623e+07	   3.8551187922907992e+13	   1.5732849000000000e+11	
   2.9841136799924314e+07	   3.7963132909310945e+13	   1.5924483000000000e+11	
   2.9901136799924314e+07	   3.7980912075215227e+13	   1.5922716500000000e+11	
   2.9960742871749092e+07	   3.8053340189448820e+13	   1.5919520000000000e+11	
   3.0020560172224622e+07	   3.8108860092355250e+13	   1.5918226500000000e+11	
   3.0079867070358116e+07	   3.9154392260199391e+13	   1.5525860000000000e+11	
   3.0139237326767560e+07	   3.8611198326210438e+13	   1.5524300000000000e+11	
   3.0197253435720719e+07	   3.8394281530424469e+13	   1.5716113500000000e+11	
   3.0256010581262387e+07	   3.8329583713517594e+13	   1.5713530500000000e+11	
   3.0316010581262387e+07	   3.8364414904099188e+13	   1.5712147000000000e+11	
   3.0375414897023521e+07	   3.8495909194634539e+13	   1.5710093500000000e+11	
   3.0434215596749820e+07	   3.9009542702429656e+13	   1.5513796500000000e+11	
   3.0493982399363391e+07	   3.9594693795113062e+13	   1.5316523500000000e+11	
   3.0552942044508412e+07	   3.8801279267758078e+13	   1.5510160500000000e+11	
   3.0612811465991233e+07	   3.8195298747030477e+13	   1.5701993500000000e+11	
   3.0671771506112158e+07	   3.8743366136833703e+13	   1.5505557000000000e+11	
   3.0728222279747188e+07	   3.8859557947877531e+13	   1.5502991000000000e+11	
   3.0786573807199772e+07	   3.9422534801605766e+13	   1.5306260500000000e+11	
   3.0845095291136801e+07	   3.9944423210263445e+13	   1.5110050500000000e+11	
   3.0901985306360211e+07	   3.9550744255280516e+13	   1.5104479500000000e+11	
   3.0961063274012536e+07	   3.9502507176642617e+13	   1.5103206000000000e+11	
   3.1019740045047093e+07	   3.9011296179966117e+13	   1.5296193000000000e+11	
   3.1078478184770294e+07	   3.9066197690230781e+13	   1.5294626500000000e+11	
   3.1138453994762756e+07	   3.9154020580406984e+13	   1.5292129500000000e+11	
   3.1198453994762756e+07	   4.0384028534198656e+13	   1.4901070000000000e+11	
   3.1258313854553167e+07	   4.0865151821013742e+13	   1.4704200000000000e+11	
   3.1317893695193633e+07	   3.9968624798040797e+13	   1.4896773000000000e+11	
   3.1373266958015550e+07	   3.9821306167035523e+13	   1.4895296500000000e+11	
   3.1431979090946332e+07	   3.9054945553126680e+13	   1.5088880000000000e+11	
   3.1490314412868742e+07	   3.9084688410348305e+13	   1.5086730000000000e+11	
   3.1549697233579226e+07	   3.9400199461720000e+13	   1.5084693500000000e+11	
   3.1609697233579226e+07	   3.9880271815580094e+13	   1.4887733500000000e+11	
   3.1668262778804336e+07	   4.0442040899102539e+13	   1.4691600000000000e+11	
   3.1726545195027661e+07	   3.9800207530649398e+13	   1.4885076500000000e+11	
   3.1784991725804873e+07	   4.0117969579963508e+13	   1.4688377000000000e+11	
   3.1844932231566723e+07	   3.9579667775813188e+13	   1.4880287000000000e+11	
   3.1903194613816597e+07	   3.9128990953733000e+13	   1.5073620500000000e+11	
   3.1962379690172020e+07	   4.0450070346110141e+13	   1.4682860500000000e+11	
   3.2021293221731611e+07	   4.0169323371257891e+13	   1.4681543500000000e+11	
   3.2077925245073941e+07	   4.0828381400500492e+13	   1.4484997500000000e+11	
   3.2135428383647084e+07	   4.0078889083039859e+13	   1.4677347500000000e+11	
   3.2194464616852075e+07	   4.0349443334685258e+13	   1.4481243500000000e+11	
   3.2251301439955384e+07	   3.9140166057026578e+13	   1.4869080500000000e+11	
   3.2310685285260703e+07	   3.9125508064389656e+13	   1.4868100500000000e+11	
   3.2370606490250845e+07	   3.9777498804231742e+13	   1.4671560500000000e+11	
   3.2430003482522558e+07	   4.0399767225045633e+13	   1.4475064000000000e+11	
   3.2488074845855400e+07	   4.0201314501483227e+13	   1.4473033500000000e+11	
   3.2546471443217732e+07	   4.0980301843806273e+13	   1.4276754000000000e+11	
   3.2604945717657473e+07	   4.0083966393421984e+13	   1.4470014000000000e+11	
   3.2662780066824816e+07	   3.9606920706725125e+13	   1.4661957000000000e+11	
   3.2721677796877004e+07	   3.9063257530723375e+13	   1.4855420500000000e+11	
   3.2781580096484814e+07	   4.0601260461013758e+13	   1.4268807000000000e+11	
   3.2841277008734781e+07	   3.9873275027609633e+13	   1.4462747500000000e+11	
   3.2899762811772577e+07	   4.0270099484255586e+13	   1.4265970500000000e+11	
   3.2958703799115375e+07	   4.0900060812992203e+13	   1.4068907500000000e+11	
   3.3018128111143135e+07	   4.0210250875783289e+13	   1.4262054000000000e+11	
   3.3077980333033599e+07	   3.8948616878310125e+13	   1.4650777500000000e+11	
   3.3133528318271499e+07	   3.8883132118906461e+13	   1.4649390500000000e+11	
   3.3193368040912028e+07	   4.0567633068020312e+13	   1.4063684000000000e+11	
   3.3253368040912028e+07	   3.9440534160930836e+13	   1.4451340500000000e+11	
   3.3312566285639249e+07	   4.0355884095109812e+13	   1.4059467000000000e+11	
   3.3370419894157443e+07	   4.0977277123370555e+13	   1.3862964000000000e+11	
   3.3429303486896280e+07	   4.0097546730070523e+13	   1.4056751000000000e+11	
   3.3485103462012790e+07	   3.9603613137524742e+13	   1.4250054000000000e+11	
   3.3543324765393626e+07	   3.8956622487713148e+13	   1.4443687500000000e+11	
   3.3601224619999684e+07	   3.9486939081750742e+13	   1.4245162500000000e+11	
   3.3660802759828225e+07	   3.9408763981750102e+13	   1.4243415500000000e+11	
   3.3718748152552806e+07	   3.9907697615848031e+13	   1.4047505500000000e+11	
   3.3774491301663764e+07	   4.0361229303057391e+13	   1.3850492500000000e+11	
   3.3830827512159683e+07	   4.0908205631936891e+13	   1.3654526000000000e+11	
   3.3889856986271344e+07	   4.0499938382963656e+13	   1.3850331500000000e+11	
   3.3949397038266681e+07	   3.9231553222868102e+13	   1.4237643000000000e+11	
   3.4008556438072301e+07	   3.9128193491014781e+13	   1.4235742500000000e+11	
   3.4068219793755084e+07	   3.9640122687573359e+13	   1.4039242500000000e+11	
   3.4124888383133747e+07	   3.9985008733681211e+13	   1.3843119500000000e+11	
   3.4183560477535106e+07	   3.9841042650798734e+13	   1.3841876500000000e+11	
   3.4239860940481193e+07	   3.9770174339845430e+13	   1.3840359500000000e+11	
   3.4296729616587080e+07	   4.0252161079452797e+13	   1.3644329500000000e+11	
   3.4354698779337458e+07	   4.0249975758025516e+13	   1.3643479500000000e+11	
   3.4413766300006345e+07	   3.9521458852461258e+13	   1.3836086500000000e+11	
   3.4473583842973679e+07	   3.8947289917802539e+13	   1.4029733000000000e+11	
   3.4533270373700045e+07	   3.8887782771189758e+13	   1.4029043000000000e+11	
   3.4591277243822426e+07	   3.9999707709389133e+13	   1.3636679500000000e+11	
   3.4650034228630736e+07	   3.9228113724744383e+13	   1.3830873000000000e+11	
   3.4709094839943498e+07	   4.0119627787190164e+13	   1.3439573500000000e+11	
   3.4768182340860106e+07	   4.0022537874211039e+13	   1.3438103000000000e+11	
   3.4828077728176519e+07	   3.9597131677145047e+13	   1.3632402500000000e+11	
   3.4885369837302290e+07	   4.0260970368148305e+13	   1.3436206500000000e+11	
   3.4945031898250043e+07	   3.8993301247359148e+13	   1.3824750000000000e+11	
   3.5003265369069569e+07	   3.8823681799441727e+13	   1.3823710000000000e+11	
   3.5062274537239037e+07	   3.8711615034261914e+13	   1.3822087000000000e+11	
   3.5120444590441093e+07	   3.9225768511574688e+13	   1.3626133500000000e+11	
   3.5179791306124307e+07	   3.9631175933449344e+13	   1.3430473500000000e+11	
   3.5239371691601038e+07	   3.8933467025374836e+13	   1.3624197000000000e+11	
   3.5299136842359394e+07	   3.9834351939351734e+13	   1.3233497000000000e+11	
   3.5358247127030477e+07	   3.9922063826128039e+13	   1.3232080000000000e+11	
   3.5416386200950056e+07	   3.9916932414392914e+13	   1.3231283500000000e+11	
   3.5475954091018595e+07	   3.9460964128005680e+13	   1.3425523500000000e+11	
   3.5535515829713531e+07	   3.9459330657318453e+13	   1.3424013500000000e+11	
   3.5595191057480633e+07	   3.9340773238383227e+13	   1.3422890000000000e+11	
   3.5652570146587722e+07	   3.9182426875634000e+13	   1.3421766500000000e+11	
   3.5709941529176675e+07	   3.8547945974111211e+13	   1.3616210000000000e+11	
   3.5769711218984991e+07	   3.8517626302189812e+13	   1.3615440000000000e+11	
   3.5829674851609401e+07	   3.9551619808068555e+13	   1.3223766500000000e+11	
   3.5889554435955577e+07	   3.9359574722947344e+13	   1.3222360000000000e+11	
   3.5946782459544286e+07	   3.9832004560020258e+13	   1.3026596500000000e+11	
   3.6005957579818979e+07	   3.9735049474624828e+13	   1.3025870000000000e+11	
   3.6065809767206088e+07	   3.9815732548978305e+13	   1.3024233500000000e+11	
   3.6125001953884467e+07	   3.9377916342193391e+13	   1.3218014000000000e+11	
   3.6184498730563670e+07	   3.9081301857683672e+13	   1.3217320500000000e+11	
   3.6242737601636611e+07	   3.8999319914322625e+13	   1.3215317000000000e+11	
   3.6302195945471808e+07	   3.9568996955946852e+13	   1.3019370500000000e+11	
   3.6360971118727311e+07	   3.9455660651246477e+13	   1.3018227000000000e+11	
   3.6418777938378155e+07	   3.9341792272356984e+13	   1.3016760500000000e+11	
   3.6477697345626384e+07	   3.9848630847279977e+13	   1.2820171000000000e+11	
   3.6535445304623909e+07	   3.9695746342804039e+13	   1.2818724000000000e+11	
   3.6591701855011940e+07	   3.9591679129160906e+13	   1.2817771000000000e+11	
   3.6649159818617135e+07	   3.9011310424866219e+13	   1.3012007500000000e+11	
   3.6707770731276736e+07	   3.8935326624043992e+13	   1.3010851000000000e+11	
   3.6765925196633145e+07	   3.8957323255723805e+13	   1.3009677500000000e+11	
   3.6824971388245076e+07	   3.8917228511251977e+13	   1.3008211000000000e+11	
   3.6882227230234519e+07	   3.9378769797388336e+13	   1.2812211000000000e+11	
   3.6939953723029241e+07	   3.9245458870263727e+13	   1.2811011000000000e+11	
   3.6999308139954321e+07	   3.9069992579059430e+13	   1.2810327500000000e+11	
   3.7059108300178722e+07	   3.9726675588926281e+13	   1.2614487500000000e+11	
   3.7118117083951533e+07	   3.9670311217302312e+13	   1.2612854000000000e+11	
   3.7177402653952666e+07	   3.9594446532172125e+13	   1.2611387500000000e+11	
   3.7236519370634340e+07	   3.8317476653017141e+13	   1.3000867500000000e+11	
   3.7296172670216113e+07	   3.8833944624664648e+13	   1.2804894000000000e+11	
   3.7355359266753882e+07	   3.8761958362661547e+13	   1.2804207500000000e+11	
   3.7415259368182339e+07	   3.8646481533623375e+13	   1.2803214500000000e+11	
   3.7474941672024988e+07	   3.9309846951340773e+13	   1.2606888000000000e+11	
   3.7533654445419863e+07	   3.9227028894649750e+13	   1.2604857500000000e+11	
   3.7589240745875500e+07	   3.9273081736606641e+13	   1.2604131000000000e+11	
   3.7647131610377751e+07	   3.9469746402903875e+13	   1.2408494500000000e+11	
   3.7705789379233435e+07	   3.9475044964438375e+13	   1.2407274500000000e+11	
   3.7764600050709933e+07	   3.8855435836278109e+13	   1.2601271500000000e+11	
   3.7824442033986345e+07	   3.8259708941565508e+13	   1.2795978000000000e+11	
   3.7884442033986345e+07	   3.8201546454436406e+13	   1.2794388000000000e+11	
   3.7942871699863963e+07	   3.8767354354978203e+13	   1.2598591500000000e+11	
   3.8002107137269542e+07	   3.8695053181206305e+13	   1.2597244500000000e+11	
   3.8061163148916498e+07	   3.9223712167583570e+13	   1.2401508000000000e+11	
   3.8120663687053002e+07	   3.9265593209739516e+13	   1.2400375000000000e+11	
   3.8180093335584857e+07	   3.8995012054240984e+13	   1.2399391500000000e+11	
   3.8237679218414709e+07	   3.8865687253590117e+13	   1.2398501500000000e+11	
   3.8297029451824091e+07	   3.9556281026842891e+13	   1.2201735000000000e+11	
   3.8356554568530820e+07	   3.8958577963178680e+13	   1.2395875000000000e+11	
   3.8415855321201690e+07	   3.8367215587636164e+13	   1.2590241500000000e+11	
   3.8474851881261796e+07	   3.8246428839567250e+13	   1.2589885000000000e+11	
   3.8533984669510990e+07	   3.9339178133825438e+13	   1.2198551500000000e+11	
   3.8593955440484338e+07	   3.8667506516072117e+13	   1.2392251500000000e+11	
   3.8653373031358793e+07	   3.8786255567652312e+13	   1.2390928500000000e+11	
   3.8713291491095565e+07	   3.8989247691175055e+13	   1.2390525000000000e+11	
   3.8772659611796930e+07	   3.8573429532001219e+13	   1.2388708500000000e+11	
   3.8832283477448374e+07	   3.9125101574204914e+13	   1.2192928000000000e+11	
   3.8892171217680663e+07	   3.9474534459980688e+13	   1.1997131500000000e+11	
   3.8951519330753930e+07	   3.8775334661291500e+13	   1.2191108000000000e+11	
   3.9011172992472962e+07	   3.8340273817554102e+13	   1.2386008000000000e+11	
   3.9068061101072006e+07	   3.8588183614134680e+13	   1.2384698500000000e+11	
   3.9126433008942954e+07	   3.8538886824152695e+13	   1.2383435000000000e+11	
   3.9186386722186282e+07	   3.9666243172704977e+13	   1.1992648500000000e+11	
   3.9245597643537626e+07	   3.9481868171150023e+13	   1.1991355500000000e+11	
   3.9304328858551733e+07	   3.9471995090711492e+13	   1.1990935000000000e+11	
   3.9364127441279091e+07	   3.9346468825206703e+13	   1.1989142000000000e+11	
   3.9422771786534995e+07	   3.9684564428167000e+13	   1.1988382000000000e+11	
   3.9482656650274254e+07	   4.0224770735245219e+13	   1.1792675000000000e+11	
   3.9542028273168333e+07	   3.9577958636707141e+13	   1.1986702000000000e+11	
   3.9600621704113342e+07	   3.9225604223844664e+13	   1.2181118500000000e+11	
   3.9658504788657352e+07	   3.9234021561955500e+13	   1.2180195500000000e+11	
   3.9718120072689749e+07	   3.9104569499510195e+13	   1.2179169000000000e+11	
   3.9777625807472534e+07	   3.9124159407003820e+13	   1.2177898500000000e+11	
   3.9835853062472805e+07	   4.0672376880437906e+13	   1.1786989000000000e+11	
   3.9895853062472805e+07	   4.1099612135701281e+13	   1.1591125500000000e+11	
   3.9955552048052989e+07	   4.0550726150775023e+13	   1.1785235500000000e+11	
   4.0014560455919221e+07	   4.0381248005805000e+13	   1.1784029000000000e+11	
   4.0073357617060468e+07	   4.0612031782043055e+13	   1.1783645500000000e+11	
   4.0129971065910734e+07	   4.1121870542957836e+13	   1.1587615500000000e+11	
   4.0189464625460058e+07	   3.9896778562536812e+13	   1.1977042500000000e+11	
   4.0247965343806483e+07	   3.9727287693465094e+13	   1.2171315500000000e+11	
   4.0307255677833311e+07	   4.0407349956392516e+13	   1.1975182000000000e+11	
   4.0364920713499442e+07	   4.0435116671466086e+13	   1.1974432000000000e+11	
   4.0424283779774390e+07	   4.0109595502551961e+13	   1.2168925000000000e+11	
   4.0484048430917732e+07	   4.1712086334240023e+13	   1.1582095000000000e+11	
   4.0539741560357712e+07	   4.1855015792713609e+13	   1.1581602000000000e+11	
   4.0598904832127519e+07	   4.2017048260622008e+13	   1.1580782000000000e+11	
   4.0658291049243003e+07	   4.2852789700415102e+13	   1.1384885500000000e+11	
   4.0717978697705716e+07	   4.2572709126479750e+13	   1.1579309000000000e+11	
   4.0777664356788360e+07	   4.2018405989728102e+13	   1.1773685500000000e+11	
   4.0837267201445766e+07	   4.2730353345981266e+13	   1.1576552500000000e+11	
   4.0896735513925008e+07	   4.1632873307477336e+13	   1.1967189000000000e+11	
   4.0955099743470632e+07	   4.1804742646742719e+13	   1.1966135500000000e+11	
   4.1014020829144768e+07	   4.2017136707933281e+13	   1.1964819000000000e+11	
   4.1073067960282885e+07	   4.2238799472872062e+13	   1.1964102000000000e+11	
   4.1131388623049073e+07	   4.3965210179006320e+13	   1.1378765500000000e+11	
   4.1190291905097097e+07	   4.4073958405564055e+13	   1.1377852000000000e+11	
   4.1248793173659623e+07	   4.4247197300088531e+13	   1.1376832500000000e+11	
   4.1308551178286880e+07	   4.4318424025420695e+13	   1.1375822500000000e+11	
   4.1368385373344496e+07	   4.5027639470790711e+13	   1.1179982500000000e+11	
   4.1428365637259997e+07	   4.4039608819362562e+13	   1.1569879000000000e+11	
   4.1486968393031783e+07	   4.4506252633743523e+13	   1.1373815500000000e+11	
   4.1545659997717924e+07	   4.5464234703367773e+13	   1.1177672500000000e+11	
   4.1600835097360663e+07	   4.4314781648935617e+13	   1.1566936000000000e+11	
   4.1660186463017702e+07	   4.3541464343731156e+13	   1.1761216000000000e+11	
   4.1719684205197126e+07	   4.3377818258236047e+13	   1.1760536000000000e+11	
   4.1778206073673666e+07	   4.3705296400049609e+13	   1.1565172500000000e+11	
   4.1837416767338596e+07	   4.3786986460442227e+13	   1.1369019000000000e+11	
   4.1896737404153667e+07	   4.4267881574113352e+13	   1.1173099000000000e+11	
   4.1953207154160507e+07	   4.3937079627735906e+13	   1.1172785500000000e+11	
   4.2012162768940054e+07	   4.3609804481063430e+13	   1.1172032500000000e+11	
   4.2071424183383688e+07	   4.3861944378462047e+13	   1.0976319000000000e+11	
   4.2129288719631039e+07	   4.3345494217566312e+13	   1.0976112500000000e+11	
   4.2188701230884530e+07	   4.1900324650745836e+13	   1.1365212500000000e+11	
   4.2248701230884530e+07	   4.2688602078308320e+13	   1.0974582500000000e+11	
   4.2308120061441280e+07	   4.2213314912481805e+13	   1.0973572500000000e+11	
   4.2366770514243513e+07	   4.1305128056262539e+13	   1.1168222500000000e+11	
   4.2426397992113747e+07	   4.0293693899299164e+13	   1.1362289500000000e+11	
   4.2486007831013538e+07	   3.9273878295347859e+13	   1.1557169000000000e+11	
   4.2543850047030851e+07	   3.9330440549505820e+13	   1.1361452500000000e+11	
   4.2600907739462480e+07	   3.9006743572889797e+13	   1.1360952500000000e+11	
   4.2657276447932750e+07	   3.8977818774872148e+13	   1.1165092500000000e+11	
   4.2717072375953279e+07	   3.9128204636807430e+13	   1.0969442500000000e+11	
   4.2775126658963561e+07	   3.8664358771362875e+13	   1.0967036000000000e+11	
   4.2834945245134644e+07	   3.8668803873075188e+13	   1.0773296000000000e+11	
   4.2894689688351370e+07	   3.7701209076389930e+13	   1.0967299500000000e+11	
   4.2952438791797660e+07	   3.7832420203175844e+13	   1.0771513000000000e+11	
   4.3011009770510502e+07	   3.7279181884223945e+13	   1.0770526000000000e+11	
   4.3067949175963096e+07	   3.7507576702945289e+13	   1.0574302500000000e+11	
   4.3126430326597348e+07	   3.7120143581009672e+13	   1.0574192500000000e+11	
   4.3183402099989183e+07	   3.6203357737081680e+13	   1.0767602500000000e+11	
   4.3241676547603883e+07	   3.5263533577280023e+13	   1.0963956000000000e+11	
   4.3301316642999783e+07	   3.4255879914114359e+13	   1.1158336000000000e+11	
   4.3361174815643549e+07	   3.3710096496271262e+13	   1.1157869500000000e+11	
   4.3421174815643549e+07	   3.3267494164578297e+13	   1.1157749500000000e+11	
   4.3481066245804243e+07	   3.3202325586951086e+13	   1.0961739500000000e+11	
   4.3539157728577748e+07	   3.2769066260495723e+13	   1.0960719000000000e+11	
   4.3598086587041900e+07	   3.2943757411670848e+13	   1.0764892500000000e+11	
   4.3655194014234059e+07	   3.2580247895431879e+13	   1.0764142500000000e+11	
   4.3713462863602094e+07	   3.2862819917363488e+13	   1.0567746000000000e+11	
   4.3773357697814718e+07	   3.1968445987756988e+13	   1.0762646000000000e+11	
   4.3832500174172811e+07	   3.2553831382213844e+13	   1.0371536000000000e+11	
   4.3892067268410869e+07	   3.2183922324373883e+13	   1.0370832500000000e+11	
   4.3951606449606858e+07	   3.1299111026856879e+13	   1.0566042500000000e+11	
   4.4011560263388224e+07	   3.1079421013748133e+13	   1.0563732500000000e+11	
   4.4069823037170023e+07	   3.0098318540756258e+13	   1.0760362500000000e+11	
   4.4129448128344201e+07	   2.9013961205611793e+13	   1.0955056000000000e+11	
   4.4189375156882197e+07	   2.8897594955516727e+13	   1.0954146500000000e+11	
   4.4249375156882197e+07	   2.9066584753241145e+13	   1.0757476500000000e+11	
   4.4308321207138866e+07	   2.8643807191891715e+13	   1.0756933000000000e+11	
   4.4366856275481313e+07	   2.8149582286578324e+13	   1.0755829500000000e+11	
   4.4425700590755604e+07	   2.9023708705885719e+13	   1.0365386000000000e+11	
   4.4485185635581769e+07	   2.8814506953236801e+13	   1.0365339500000000e+11	
   4.4544343476339914e+07	   2.8076788207522234e+13	   1.0559483000000000e+11	
   4.4604058311992280e+07	   2.8769399010896664e+13	   1.0168713000000000e+11	
   4.4662724252282448e+07	   2.8393192900451883e+13	   1.0168359500000000e+11	
   4.4721383885112159e+07	   2.8187966672238234e+13	   1.0167639500000000e+11	
   4.4780315013311319e+07	   2.7580175622285246e+13	   1.0362126000000000e+11	
   4.4837323536499672e+07	   2.7306673374169004e+13	   1.0361383000000000e+11	
   4.4893128082886413e+07	   2.6446589266437547e+13	   1.0556769500000000e+11	
   4.4951441412150897e+07	   2.5504967689498477e+13	   1.0751523000000000e+11	
   4.5011283592721671e+07	   2.5213641497052242e+13	   1.0750826500000000e+11	
   4.5071127976338312e+07	   2.5275918745268031e+13	   1.0554893000000000e+11	
   4.5130064394929543e+07	   2.5057532423449988e+13	   1.0553829500000000e+11	
   4.5189395153608285e+07	   2.4815232396405543e+13	   1.0553263000000000e+11	
   4.5248556765649699e+07	   2.5713336790462930e+13	   1.0162703000000000e+11	
   4.5308372261786997e+07	   2.5393571539919047e+13	   1.0162296500000000e+11	
   4.5367939171011157e+07	   2.5119740392111301e+13	   1.0161489500000000e+11	
   4.5426807580890968e+07	   2.5368485193157520e+13	   9.9649930000000000e+10	
   4.5485572449959181e+07	   2.5218151418408141e+13	   9.9638895000000000e+10	
   4.5544792236440234e+07	   2.5092846567829184e+13	   9.9641400000000000e+10	
   4.5604144601711251e+07	   2.4833995286105336e+13	   9.9626430000000000e+10	
   4.5663142051078670e+07	   2.4200625437203840e+13	   1.0158366000000000e+11	
   4.5722740096575908e+07	   2.3945888989606773e+13	   1.0158022500000000e+11	
   4.5782639909046121e+07	   2.2981704385190215e+13	   1.0352636500000000e+11	
   4.5841778610586278e+07	   2.2616743794061059e+13	   1.0352503000000000e+11	
   4.5900283661493763e+07	   2.2422538391036777e+13	   1.0352463000000000e+11	
   4.5959904251608193e+07	   2.1674780416275305e+13	   1.0546519500000000e+11	
   4.6018850702035479e+07	   2.1424176264757184e+13	   1.0546102500000000e+11	
   4.6077586051171131e+07	   2.1656733719605496e+13	   1.0350152500000000e+11	
   4.6132168525439993e+07	   2.1498403627855141e+13	   1.0349639500000000e+11	
   4.6190652081733443e+07	   2.1861385777023949e+13	   1.0153686000000000e+11	
   4.6249882897038192e+07	   2.2204298138482832e+13	   9.9577630000000000e+10	
   4.6309638755842276e+07	   2.1938466036971973e+13	   9.9576495000000000e+10	
   4.6369426207307659e+07	   2.1756050436670352e+13	   9.9573395000000000e+10	
   4.6427568810281307e+07	   2.1605344264877094e+13	   9.9563965000000000e+10	
   4.6485677403889015e+07	   2.1868703723346699e+13	   9.7604395000000000e+10	
   4.6543175735210545e+07	   2.1716276564175285e+13	   9.7599230000000000e+10	
   4.6601861256336220e+07	   2.1519560601866488e+13	   9.7593265000000000e+10	
   4.6661609901419073e+07	   2.0918025420381207e+13	   9.9546695000000000e+10	
   4.6720502118067473e+07	   2.0719878469125668e+13	   9.9542395000000000e+10	
   4.6778879164345473e+07	   1.9976820276645910e+13	   1.0148886000000000e+11	
   4.6837609422415569e+07	   1.9834630990167480e+13	   1.0148759500000000e+11	
   4.6895902029995084e+07	   1.8974550982656707e+13	   1.0343899500000000e+11	
   4.6955302867536373e+07	   1.8899121819631297e+13	   1.0343452500000000e+11	
   4.7012289635335952e+07	   1.9183538222283664e+13	   1.0147369000000000e+11	
   4.7067939795736805e+07	   1.9808012021557234e+13	   9.9519425000000000e+10	
   4.7127900969245203e+07	   2.0292969974886312e+13	   9.7554960000000000e+10	
   4.7185622430161417e+07	   2.0127694221005016e+13	   9.7551390000000000e+10	
   4.7245562443625942e+07	   2.0634278341987762e+13	   9.5583295000000000e+10	
   4.7304727534140699e+07	   2.0014514583418340e+13	   9.7532560000000000e+10	
   4.7363507391576521e+07	   2.0378635670366094e+13	   9.5569830000000000e+10	
   4.7422419314278044e+07	   2.0289293017173676e+13	   9.5561125000000000e+10	
   4.7482077991086766e+07	   1.9789385122534773e+13	   9.7511625000000000e+10	
   4.7539262842696279e+07	   1.9769696102235367e+13	   9.7506795000000000e+10	
   4.7596894670090891e+07	   1.9168121774255547e+13	   9.9476445000000000e+10	
   4.7655003087184176e+07	   1.8543682731076035e+13	   1.0142848000000000e+11	
   4.7712687404483758e+07	   1.8459075531772426e+13	   1.0141724500000000e+11	
   4.7770538354803413e+07	   1.9469625205491441e+13	   9.7501740000000000e+10	
   4.7829276181914136e+07	   1.9436554003080273e+13	   9.7498185000000000e+10	
   4.7887994933580898e+07	   1.9997765713655809e+13	   9.5537115000000000e+10	
   4.7947802281939723e+07	   1.9800314625856414e+13	   9.5532445000000000e+10	
   4.8007010245928727e+07	   1.9214785483621992e+13	   9.7485110000000000e+10	
   4.8066582946943089e+07	   1.9655346263102309e+13	   9.5519915000000000e+10	
   4.8125085536902212e+07	   2.0061502291194273e+13	   9.3561915000000000e+10	
   4.8181958964679413e+07	   1.9615117478564523e+13	   9.5514745000000000e+10	
   4.8241696968746111e+07	   1.9033216473328414e+13	   9.7454045000000000e+10	
   4.8300866025844365e+07	   1.8794982186924441e+13	   9.7450275000000000e+10	
   4.8357201152748041e+07	   1.8728675944302527e+13	   9.7441710000000000e+10	
   4.8416209095964797e+07	   1.9861811392636547e+13	   9.3519710000000000e+10	
   4.8474936175767630e+07	   1.9656105776326430e+13	   9.3513780000000000e+10	
   4.8534335202715583e+07	   1.9081450328302680e+13	   9.5466510000000000e+10	
   4.8592723523805715e+07	   1.9109779294989504e+13	   9.5463510000000000e+10	
   4.8652414090088829e+07	   1.9431564060309887e+13	   9.3509645000000000e+10	
   4.8707865874460950e+07	   1.9894312757864586e+13	   9.1545845000000000e+10	
   4.8764284032564424e+07	   1.9823088321815074e+13	   9.1536245000000000e+10	
   4.8821656020051517e+07	   1.9437800387181117e+13	   9.3483440000000000e+10	
   4.8880786215177208e+07	   1.8754103936914445e+13	   9.5436545000000000e+10	
   4.8937820588368818e+07	   1.8726372682367742e+13	   9.5429310000000000e+10	
   4.8997775622267619e+07	   1.8629271055375910e+13	   9.5420975000000000e+10	
   4.9057206170228265e+07	   1.8571825660483965e+13	   9.5418550000000000e+10	
   4.9116017548125222e+07	   1.9370869894205758e+13	   9.1503180000000000e+10	
   4.9174186986051552e+07	   1.9429520408970051e+13	   9.1498480000000000e+10	
   4.9233655609795928e+07	   1.8868204194509234e+13	   9.3445915000000000e+10	
   4.9289704366539620e+07	   1.8886840916668547e+13	   9.3440110000000000e+10	
   4.9348746778932534e+07	   1.9213866330060707e+13	   9.1481245000000000e+10	
   4.9408409896305583e+07	   1.9603473492262613e+13	   8.9519780000000000e+10	
   4.9467896465599649e+07	   1.8644390909601922e+13	   9.3443160000000000e+10	
   4.9527365217393972e+07	   1.8536518377959391e+13	   9.3436095000000000e+10	
   4.9587344747744836e+07	   1.8441760127978086e+13	   9.3425395000000000e+10	
   4.9647080984753378e+07	   1.8571593151330551e+13	   9.3427925000000000e+10	
   4.9706313059344679e+07	   1.9357788448258891e+13	   8.9510595000000000e+10	
   4.9765503422731884e+07	   1.8711696813518656e+13	   9.1464295000000000e+10	
   4.9825018972895585e+07	   1.8729723779526195e+13	   9.1445225000000000e+10	
   4.9879995998168260e+07	   1.8622050172177367e+13	   9.1438090000000000e+10	
   4.9936225822272740e+07	   1.9145915727593902e+13	   8.9469460000000000e+10	
   4.9991514924305908e+07	   1.9116834294464598e+13	   8.9471460000000000e+10	
   5.0047950196571194e+07	   1.8618709575408504e+13	   9.1420495000000000e+10	
   5.0107165865395308e+07	   1.8443516838966969e+13	   9.1416865000000000e+10	
   5.0166320756960079e+07	   1.8376471100765074e+13	   9.1412630000000000e+10	
   5.0224303580119036e+07	   1.8224075846376574e+13	   9.1404325000000000e+10	
   5.0282134129835740e+07	   1.8801085338313008e+13	   8.9444425000000000e+10	
   5.0339770175852142e+07	   1.9253585972343129e+13	   8.7484760000000000e+10	
   5.0399617905386724e+07	   1.9212051793602484e+13	   8.7487325000000000e+10	
   5.0459263992455646e+07	   1.8540716856411824e+13	   8.9429430000000000e+10	
   5.0519247496140815e+07	   1.8513749412153406e+13	   8.9427130000000000e+10	
   5.0579129807722561e+07	   1.8463311729549891e+13	   8.9420260000000000e+10	
   5.0631545625432067e+07	   1.8790674064786527e+13	   8.7454625000000000e+10	
   5.0690335688357197e+07	   1.8344211079488242e+13	   8.9406860000000000e+10	
   5.0749798779707357e+07	   1.8354667226268641e+13	   8.9409925000000000e+10	
   5.0809798779707357e+07	   1.8830647694451938e+13	   8.7443660000000000e+10	
   5.0869798779707357e+07	   1.8789637866761145e+13	   8.7437560000000000e+10	
   5.0929760365972377e+07	   1.8131504570577770e+13	   8.9384260000000000e+10	
   5.0988322535938591e+07	   1.8170160507345902e+13	   8.9386930000000000e+10	
   5.1046856217588231e+07	   1.8606681417405688e+13	   8.7418800000000000e+10	
   5.1106566820944883e+07	   1.8515156838453613e+13	   8.7420330000000000e+10	
   5.1165535187741280e+07	   1.8482784235174812e+13	   8.7411260000000000e+10	
   5.1224534388086960e+07	   1.8268199991489504e+13	   8.7405860000000000e+10	
   5.1281897254203349e+07	   1.8206410196255836e+13	   8.7398160000000000e+10	
   5.1340747740627766e+07	   1.8007797418361266e+13	   8.7392490000000000e+10	
   5.1400495141156323e+07	   1.7936723819598012e+13	   8.7382825000000000e+10	
   5.1460249633792050e+07	   1.7948121522945184e+13	   8.7387425000000000e+10	
   5.1518916383836135e+07	   1.7845935447440855e+13	   8.7372560000000000e+10	
   5.1577501804765232e+07	   1.7767673744919398e+13	   8.7371295000000000e+10	
   5.1635029665127255e+07	   1.8327577080209801e+13	   8.5407395000000000e+10	
   5.1693443063631274e+07	   1.8358421621286496e+13	   8.5395525000000000e+10	
   5.1753319304274522e+07	   1.8222997046349477e+13	   8.5397760000000000e+10	
   5.1813242152157143e+07	   1.8265235055128098e+13	   8.5388025000000000e+10	
   5.1873002192207225e+07	   1.8251778527591598e+13	   8.5390260000000000e+10	
   5.1932173960816950e+07	   1.8185757563019004e+13	   8.5384625000000000e+10	
   5.1990207117702857e+07	   1.8189782534903352e+13	   8.5381365000000000e+10	
   5.2047458791378006e+07	   1.8458309139459301e+13	   8.3406065000000000e+10	
   5.2107188906486653e+07	   1.7901084616959035e+13	   8.5368630000000000e+10	
   5.2164287838175476e+07	   1.7780916254996027e+13	   8.5357125000000000e+10	
   5.2223377239236951e+07	   1.7745075090530449e+13	   8.5353730000000000e+10	
   5.2283019854828097e+07	   1.7658087311515148e+13	   8.5348730000000000e+10	
   5.2342523297113046e+07	   1.7085503195404316e+13	   8.7311795000000000e+10	
   5.2399405218350545e+07	   1.7582003614497754e+13	   8.5370325000000000e+10	
   5.2458276716295145e+07	   1.7558919953061592e+13	   8.5368930000000000e+10	
   5.2518023535571150e+07	   1.7438364752741406e+13	   8.5336730000000000e+10	
   5.2575494307387851e+07	   1.7377145138596826e+13	   8.5361530000000000e+10	
   5.2635230347857006e+07	   1.7339664246963533e+13	   8.5353595000000000e+10	
   5.2694258928904720e+07	   1.7232967669541805e+13	   8.5349795000000000e+10	
   5.2753527533405825e+07	   1.7215218286643834e+13	   8.5339195000000000e+10	
   5.2813216598351501e+07	   1.7615283787370086e+13	   8.3375890000000000e+10	
   5.2870286507448852e+07	   1.7597953177572477e+13	   8.3374790000000000e+10	
   5.2929461749122627e+07	   1.7538911510535865e+13	   8.3367890000000000e+10	
   5.2986653430348508e+07	   1.7462350501893863e+13	   8.3360760000000000e+10	
   5.3042756158293232e+07	   1.7394509339089307e+13	   8.3360230000000000e+10	
   5.3098665700659052e+07	   1.7296575109417584e+13	   8.3354425000000000e+10	
   5.3158432294764496e+07	   1.7254581286394039e+13	   8.3351825000000000e+10	
   5.3218282886781245e+07	   1.7208519267120279e+13	   8.3343160000000000e+10	
   5.3276542899497412e+07	   1.7096097197562969e+13	   8.3337395000000000e+10	
   5.3333866306103893e+07	   1.7089539110165592e+13	   8.3328495000000000e+10	
   5.3393297499434754e+07	   1.6495762495186488e+13	   8.5277395000000000e+10	
   5.3452193052920103e+07	   1.7035138398088629e+13	   8.3320730000000000e+10	
   5.3512136712376192e+07	   1.6979061361775244e+13	   8.3308930000000000e+10	
   5.3572136712376192e+07	   1.6952320012163123e+13	   8.3305695000000000e+10	
   5.3630989186664276e+07	   1.6828879976081100e+13	   8.3306825000000000e+10	
   5.3690761042039841e+07	   1.6775775961231502e+13	   8.3306525000000000e+10	
   5.3748797464479260e+07	   1.6752267416974631e+13	   8.3292190000000000e+10	
   5.3808797464479260e+07	   1.6729817342008756e+13	   8.3285525000000000e+10	
   5.3868178570263013e+07	   1.7156591930051506e+13	   8.1322760000000000e+10	
   5.3927380732573763e+07	   1.7004251893379984e+13	   8.1315460000000000e+10	
   5.3986637553583875e+07	   1.6902437843546758e+13	   8.1315095000000000e+10	
   5.4046316364860654e+07	   1.6804230937134148e+13	   8.1305295000000000e+10	
   5.4105455878760129e+07	   1.6709851039270762e+13	   8.1300230000000000e+10	
   5.4165014057236843e+07	   1.6689824518465996e+13	   8.1300165000000000e+10	
   5.4224846659856722e+07	   1.6090933148677549e+13	   8.3245060000000000e+10	
   5.4284786086257212e+07	   1.6599236592862814e+13	   8.1276590000000000e+10	
   5.4344780081934527e+07	   1.6450532818634572e+13	   8.1266490000000000e+10	
   5.4404761337427229e+07	   1.6395001366266480e+13	   8.1264520000000000e+10	
   5.4464430544042863e+07	   1.6398472359239562e+13	   8.1264995000000000e+10	
   5.4523990263390496e+07	   1.6266218013010553e+13	   8.1256730000000000e+10	
   5.4583447469582014e+07	   1.6175366302519590e+13	   8.1255960000000000e+10	
   5.4639111586151183e+07	   1.6121690103527436e+13	   8.1252860000000000e+10	
   5.4697544562895596e+07	   1.6048284154983154e+13	   8.1245365000000000e+10	
   5.4757332479526959e+07	   1.6103592766841057e+13	   8.1229795000000000e+10	
   5.4814332031680651e+07	   1.6043938176841205e+13	   8.1225095000000000e+10	
   5.4872773339851283e+07	   1.5972679492276752e+13	   8.1219330000000000e+10	
   5.4932553575455070e+07	   1.6314614127376953e+13	   7.9254830000000000e+10	
   5.4991491416843727e+07	   1.6284497615629719e+13	   7.9245065000000000e+10	
   5.5051297629786052e+07	   1.6185479968317057e+13	   7.9239725000000000e+10	
   5.5110286882646121e+07	   1.6158852277933248e+13	   7.9229955000000000e+10	
   5.5169757914480470e+07	   1.5537335935362002e+13	   8.1181555000000000e+10	
   5.5229440566470124e+07	   1.5410316556722785e+13	   8.1172495000000000e+10	
   5.5287397002032913e+07	   1.5823525830377607e+13	   7.9201895000000000e+10	
   5.5346921492598236e+07	   1.5863207890808885e+13	   7.9202160000000000e+10	
   5.5406568886913776e+07	   1.5797804187447174e+13	   7.9194965000000000e+10	
   5.5465106821878709e+07	   1.5723100838733184e+13	   7.9195660000000000e+10	
   5.5524237138806336e+07	   1.5624418863424369e+13	   7.9186290000000000e+10	
   5.5583621359320693e+07	   1.5573017791058059e+13	   7.9182155000000000e+10	
   5.5639950219553366e+07	   1.5470458079730633e+13	   7.9172760000000000e+10	
   5.5699027349047169e+07	   1.5429169820580402e+13	   7.9166755000000000e+10	
   5.5756212736213423e+07	   1.5436775482192264e+13	   7.9164360000000000e+10	
   5.5812984992648095e+07	   1.5345232038996928e+13	   7.9161795000000000e+10	
   5.5872694166001946e+07	   1.5318371410268969e+13	   7.9157460000000000e+10	
   5.5932270158893406e+07	   1.5241653257913773e+13	   7.9152295000000000e+10	
   5.5990933454640381e+07	   1.5185585190674369e+13	   7.9148025000000000e+10	
   5.6049767470725752e+07	   1.5058323158791232e+13	   7.9145760000000000e+10	
   5.6109737586024880e+07	   1.4977846729044945e+13	   7.9141995000000000e+10	
   5.6169503846779101e+07	   1.4980213694222393e+13	   7.9126995000000000e+10	
   5.6225820472527280e+07	   1.4875824641570973e+13	   7.9118930000000000e+10	
   5.6283129996015571e+07	   1.4824105726708721e+13	   7.9116125000000000e+10	
   5.6338399417383753e+07	   1.5315488583062174e+13	   7.7151730000000000e+10	
   5.6397597243072748e+07	   1.4869763512056463e+13	   7.9104695000000000e+10	
   0.0000000000000000e+00	   0.0000000000000000e+00	   0.0000000000000000e+00	
   0.0000000000000000e+00	   0.0000000000000000e+00	   0.0000000000000000e+00	
