2.1266356332059550e-02	   0.0000000000000000e+00	   0.0000000000000000e+00	
   4.0156757166965629e-01	   0.0000000000000000e+00	   0.0000000000000000e+00	
   4.1777656110767420e+00	   0.0000000000000000e+00	   0.0000000000000000e+00	
   4.2331231599805591e+01	   0.0000000000000000e+00	   0.0000000000000000e+00	
   2.4967749670329490e+03	   0.0000000000000000e+00	   0.0000000000000000e+00	
   6.4630786310888525e+03	   0.0000000000000000e+00	   0.0000000000000000e+00	
   1.2626180770700857e+04	   0.0000000000000000e+00	   0.0000000000000000e+00	
   2.2753365106631525e+04	   0.0000000000000000e+00	   0.0000000000000000e+00	
   4.2046690761603852e+04	   0.0000000000000000e+00	   0.0000000000000000e+00	
   7.8023170661536205e+04	   0.0000000000000000e+00	   0.0000000000000000e+00	
   1.1659307457562807e+05	   0.0000000000000000e+00	   0.0000000000000000e+00	
   1.5424405699403814e+05	   0.0000000000000000e+00	   0.0000000000000000e+00	
   1.9127878021999312e+05	   0.0000000000000000e+00	   0.0000000000000000e+00	
   2.2843778402476179e+05	   0.0000000000000000e+00	   0.0000000000000000e+00	
   2.6627428881678951e+05	   0.0000000000000000e+00	   0.0000000000000000e+00	
   3.0533613389770204e+05	   0.0000000000000000e+00	   0.0000000000000000e+00	
   3.4562501887951087e+05	   0.0000000000000000e+00	   0.0000000000000000e+00	
   3.8753250428159622e+05	   0.0000000000000000e+00	   0.0000000000000000e+00	
   4.3113111151255760e+05	   0.0000000000000000e+00	   0.0000000000000000e+00	
   4.7587567262122908e+05	   0.0000000000000000e+00	   0.0000000000000000e+00	
   5.2116029625073302e+05	   0.0000000000000000e+00	   0.0000000000000000e+00	
   5.6705598271567759e+05	   0.0000000000000000e+00	   0.0000000000000000e+00	
   6.1386501395797986e+05	   0.0000000000000000e+00	   0.0000000000000000e+00	
   6.6215578672283678e+05	   0.0000000000000000e+00	   0.0000000000000000e+00	
   7.1229054746002657e+05	   0.0000000000000000e+00	   0.0000000000000000e+00	
   7.6466724184526084e+05	   0.0000000000000000e+00	   0.0000000000000000e+00	
   8.1990233651702199e+05	   0.0000000000000000e+00	   0.0000000000000000e+00	
   8.7845684944161423e+05	   0.0000000000000000e+00	   0.0000000000000000e+00	
   9.3845684944161423e+05	   0.0000000000000000e+00	   0.0000000000000000e+00	
   9.9845684944161423e+05	   0.0000000000000000e+00	   0.0000000000000000e+00	
   1.0584568494416142e+06	   0.0000000000000000e+00	   0.0000000000000000e+00	
   1.1184568494416142e+06	   0.0000000000000000e+00	   0.0000000000000000e+00	
   1.1784568494416142e+06	  -6.7952660011212090e+10	   2.5360000000000000e+08	
   1.2384568494416142e+06	  -1.5727520804437827e+11	   5.6720000000000000e+08	
   1.2984568494416142e+06	  -2.7211114627698538e+11	   9.4480000000000000e+08	
   1.3584568494416142e+06	  -3.8906771148954822e+11	   1.3168000000000000e+09	
   1.4184568494416142e+06	  -5.3527480179316302e+11	   1.7560000000000000e+09	
   1.4784568494416142e+06	  -6.8461714172514905e+11	   2.1980000000000000e+09	
   1.5384568494416142e+06	  -8.5586288488908020e+11	   2.6840000000000000e+09	
   1.5984568494416142e+06	  -1.0302531858774987e+12	   3.1540000000000000e+09	
   1.6584568494416142e+06	  -1.2336252024382405e+12	   3.6840000000000000e+09	
   1.7184568494416142e+06	  -1.4515026813858665e+12	   4.2220000000000000e+09	
   1.7784568494416142e+06	  -1.6850835441455039e+12	   4.7780000000000000e+09	
   1.8384235995293772e+06	  -2.3756987760210840e+12	   6.6079700000000000e+09	
   1.8971857842390914e+06	  -3.5166224392360010e+12	   9.6322600000000000e+09	
   1.9554747694688942e+06	  -4.2591125000471948e+12	   1.1440480000000000e+10	
   2.0145625693165741e+06	  -5.4778770503421318e+12	   1.4512040000000000e+10	
   2.0741730404303218e+06	  -5.8313329806751279e+12	   1.5136040000000000e+10	
   2.1338569288087231e+06	  -7.5082296076895518e+12	   1.9492510000000000e+10	
   2.1936420527399164e+06	  -8.2645163534204795e+12	   2.1372860000000000e+10	
   2.2536411183021036e+06	  -1.0027610299219338e+13	   2.5772640000000000e+10	
   2.3136411183021036e+06	  -9.7931903825975469e+12	   2.5190210000000000e+10	
   2.3736411183021036e+06	  -1.1040119798100516e+13	   2.8368770000000000e+10	
   2.4336411183021036e+06	  -1.2387110618024068e+13	   3.1555230000000000e+10	
   2.4936411183021036e+06	  -1.3603550438891641e+13	   3.4794300000000000e+10	
   2.5536411183021036e+06	  -1.4494938597457068e+13	   3.6755010000000000e+10	
   2.6136411183021036e+06	  -1.5740921980765449e+13	   4.0031240000000000e+10	
   2.6736411183021036e+06	  -1.6140481439509062e+13	   4.0702110000000000e+10	
   2.7336411183021036e+06	  -1.6983853834916027e+13	   4.2677460000000000e+10	
   2.7936411183021036e+06	  -1.7882905747276238e+13	   4.4660330000000000e+10	
   2.8536411183021036e+06	  -2.0506926838380758e+13	   5.0532610000000000e+10	
   2.9136411183021036e+06	  -2.0905514787049816e+13	   5.1223990000000000e+10	
   2.9736411183021036e+06	  -2.1862992849041824e+13	   5.3247960000000000e+10	
   3.0336411183021036e+06	  -2.2880064351374727e+13	   5.5229650000000000e+10	
   3.0936411183021036e+06	  -2.4495307290950570e+13	   5.8540020000000000e+10	
   3.1536411183021036e+06	  -2.5109595278405621e+13	   5.9214770000000000e+10	
   3.2136411183021036e+06	  -2.6379444642948957e+13	   6.1215050000000000e+10	
   3.2736411183021036e+06	  -2.7163498618790551e+13	   6.1907870000000000e+10	
   3.3336411183021036e+06	  -2.8642159265924559e+13	   6.3970090000000000e+10	
   3.3936411183021036e+06	  -3.0244360821804926e+13	   6.5962330000000000e+10	
   3.4536411183021036e+06	  -3.1989704526008773e+13	   6.8046780000000000e+10	
   3.5136411183021036e+06	  -3.3858002896575055e+13	   7.0139180000000000e+10	
   3.5736411183021036e+06	  -3.5202179579305008e+13	   7.0863810000000000e+10	
   3.6336411183021036e+06	  -3.7856469485128500e+13	   7.4336300000000000e+10	
   3.6936411183021036e+06	  -4.1298915903248953e+13	   7.9281370000000000e+10	
   3.7536411183021036e+06	  -4.2803408267170648e+13	   8.0015400000000000e+10	
   3.8136411183021036e+06	  -4.3861626743178055e+13	   7.9409000000000000e+10	
   3.8736411183021036e+06	  -4.7629377204997156e+13	   8.4346290000000000e+10	
   3.9336411183021036e+06	  -5.0966975463879812e+13	   8.7933310000000000e+10	
   3.9936411183021036e+06	  -5.3151298084741438e+13	   8.8784660000000000e+10	
   4.0536411183021036e+06	  -5.4195384186528234e+13	   8.7833330000000000e+10	
   4.3536411183021041e+06	  -6.5411337361974750e+13	   9.5818100000000000e+10	
   4.6536411183021041e+06	  -7.6597361442127016e+13	   1.0400028890000000e+11	
   4.9536411183021041e+06	  -8.2156436205478422e+13	   1.0710090230000000e+11	
   5.0855869881085530e+06	  -8.9020693110825484e+13	   1.1640234500000000e+11	
   5.1495602651138483e+06	  -9.9486227653985844e+13	   1.2663797210000000e+11	
   5.2046305184083525e+06	  -1.0611181390412038e+14	   1.3416297500000000e+11	
   5.2601375462557795e+06	  -1.1151775993065455e+14	   1.4095923500000000e+11	
   5.3196912212970760e+06	  -1.1647038716548833e+14	   1.4727615500000000e+11	
   5.3849221812948901e+06	  -1.2650791827816675e+14	   1.5959072000000000e+11	
   5.4574106968775578e+06	  -1.2736258373218772e+14	   1.5924853500000000e+11	
   5.5395839402607521e+06	  -1.3255852764710136e+14	   1.6399905000000000e+11	
   5.6374249847466517e+06	  -1.3593587453346875e+14	   1.6651402500000000e+11	
   5.7636968431151025e+06	  -1.3653034464608288e+14	   1.6537789000000000e+11	
   5.9297539909364339e+06	  -1.4254238111488894e+14	   1.7111506000000000e+11	
   6.1468525810257494e+06	  -1.4255177705328209e+14	   1.6976596000000000e+11	
   6.4197214720431427e+06	  -1.3832133953218542e+14	   1.6823863000000000e+11	
   6.7197122138128188e+06	  -1.3473526250018292e+14	   1.7199626500000000e+11	
   7.0197122138128188e+06	  -1.2478332492183669e+14	   1.7046373000000000e+11	
   7.3197122138128188e+06	  -1.1771373061139745e+14	   1.7543966500000000e+11	
   7.6197122138128188e+06	  -1.0606341021266555e+14	   1.7659063000000000e+11	
   7.9197122138128188e+06	  -9.9393334639602344e+13	   1.8409429500000000e+11	
   8.2197122138128188e+06	  -8.8647744115458656e+13	   1.8644730000000000e+11	
   8.5197122138128188e+06	  -7.9109642942459234e+13	   1.9002520000000000e+11	
   8.8197122138128188e+06	  -6.9863987049285914e+13	   1.9371496500000000e+11	
   9.1197122138128169e+06	  -5.7671502305931445e+13	   1.9383343500000000e+11	
   9.4197122138128169e+06	  -5.2310201536178367e+13	   1.9971556500000000e+11	
   9.7197122138128169e+06	  -4.6391780408930711e+13	   2.0388956500000000e+11	
   1.0019712213812817e+07	  -4.4055744091702969e+13	   2.1011466500000000e+11	
   1.0319712213812817e+07	  -4.2289736452777672e+13	   2.1509593000000000e+11	
   1.0619712213812817e+07	  -4.2376879436246312e+13	   2.2716072500000000e+11	
   1.0919712213812817e+07	  -3.8009313944921695e+13	   2.2647792500000000e+11	
   1.1219712213812817e+07	  -3.5787767056413586e+13	   2.3131996000000000e+11	
   1.1519712213812817e+07	  -3.5713553938720617e+13	   2.3785852500000000e+11	
   1.1819712213812817e+07	  -3.3770427830064637e+13	   2.3697156000000000e+11	
   1.2119712213812817e+07	  -3.3057118039790211e+13	   2.4174676000000000e+11	
   1.2419712213812817e+07	  -3.2436176029825215e+13	   2.4838026000000000e+11	
   1.2719712213812817e+07	  -3.2007132648816395e+13	   2.5112166000000000e+11	
   1.3019712213812817e+07	  -3.1340185512136707e+13	   2.5384496500000000e+11	
   1.3319712213812817e+07	  -3.1267124245542824e+13	   2.5268276500000000e+11	
   1.3619712213812817e+07	  -3.2708193254740734e+13	   2.5728190500000000e+11	
   1.3919712213812817e+07	  -3.2623203137232016e+13	   2.5794220500000000e+11	
   1.4219712213812817e+07	  -3.2545418587139133e+13	   2.6053964000000000e+11	
   1.4519712213812817e+07	  -3.5039848111106031e+13	   2.6892657500000000e+11	
   1.4819712213812817e+07	  -3.8132562913677266e+13	   2.7149397500000000e+11	
   1.5119712213812817e+07	  -3.9402135250179586e+13	   2.6633515000000000e+11	
   1.5419712213812817e+07	  -4.0136325976280828e+13	   2.6883945000000000e+11	
   1.5719712213812817e+07	  -4.0458898898696156e+13	   2.6945594500000000e+11	
   1.6019712213812817e+07	  -3.9745781078033211e+13	   2.7973028000000000e+11	
   1.6319712213812817e+07	  -3.9389639380805625e+13	   2.7834211500000000e+11	
   1.6619712213812817e+07	  -3.9469917479889102e+13	   2.7890801000000000e+11	
   1.6919712213812817e+07	  -3.8732905246780117e+13	   2.7746854500000000e+11	
   1.7219712213812817e+07	  -3.7333524642454883e+13	   2.8186348000000000e+11	
   1.7519712213812817e+07	  -3.6298697477322656e+13	   2.8227501500000000e+11	
   1.7819712213812817e+07	  -3.4288409070137863e+13	   2.8859745000000000e+11	
   1.8119712213812817e+07	  -3.2675734242201848e+13	   2.8508545000000000e+11	
   1.8419712213812817e+07	  -3.1019797953590062e+13	   2.8935091500000000e+11	
   1.8719712213812817e+07	  -2.9676311596028949e+13	   2.8776898000000000e+11	
   1.9019712213812817e+07	  -2.7475822048548133e+13	   2.8998711000000000e+11	
   1.9319542785828393e+07	  -2.5317865197943340e+13	   2.9219600500000000e+11	
   1.9619483239486594e+07	  -2.3632560914820141e+13	   2.9243164000000000e+11	
   1.9919483239486594e+07	  -2.2445034672274152e+13	   2.9067024000000000e+11	
   2.0219360759092506e+07	  -2.1376603913454855e+13	   2.9086920000000000e+11	
   2.0519360759092506e+07	  -2.0432687184531930e+13	   2.9107719000000000e+11	
   2.0819264157960299e+07	  -1.9019523596751609e+13	   2.9122953000000000e+11	
   2.1119019145321399e+07	  -1.8165671884836105e+13	   2.9142272000000000e+11	
   2.1418669064771384e+07	  -1.6630991067320861e+13	   2.9348808000000000e+11	
   2.1718629327222571e+07	  -1.5087678443549770e+13	   2.9357801000000000e+11	
   2.2018459283594020e+07	  -1.4145468848257461e+13	   2.8970683500000000e+11	
   2.2317778992652450e+07	  -1.2704839556176629e+13	   2.8770020000000000e+11	
   2.2617659659890980e+07	  -1.1216271756417066e+13	   2.8562686000000000e+11	
   2.2916833114469122e+07	  -1.0167200924077172e+13	   2.8146319000000000e+11	
   2.3216331479580633e+07	  -7.9357159549068457e+12	   2.8114498500000000e+11	
   2.3510026123116773e+07	  -6.1421593172180303e+12	   2.7296848000000000e+11	
   2.3807846779196996e+07	  -5.7370300656916816e+12	   2.7255350500000000e+11	
   2.4099260259715825e+07	   2.6411578549219371e+13	   1.9995923500000000e+11	
   2.4393498025484383e+07	   2.7484294841943590e+13	   1.9561463000000000e+11	
   2.4677526400295131e+07	   2.8652202776079680e+13	   1.8944706000000000e+11	
   2.4976120526727282e+07	   2.8683561633732648e+13	   1.9487502000000000e+11	
   2.5272488011911072e+07	   2.9986531424737434e+13	   1.8683345500000000e+11	
   2.5571394184822761e+07	   2.9993261359515070e+13	   1.8457905500000000e+11	
   2.5866886508826729e+07	   3.1594873538909430e+13	   1.7849405500000000e+11	
   2.6162933937738635e+07	   3.1485306026278926e+13	   1.7826242000000000e+11	
   2.6455893195491012e+07	   3.2392888214886008e+13	   1.7219528000000000e+11	
   2.6751596885677587e+07	   3.2465230835693211e+13	   1.7199295000000000e+11	
   2.7047579468541197e+07	   3.3372478089284691e+13	   1.6792455000000000e+11	
   2.7342602702052467e+07	   3.3621506080206648e+13	   1.6577528500000000e+11	
   2.7639349132186558e+07	   3.3933042986105082e+13	   1.6366035000000000e+11	
   2.7931274551100206e+07	   3.4340238619358418e+13	   1.6350088000000000e+11	
   2.8217621676220264e+07	   3.5036076669482867e+13	   1.5749739000000000e+11	
   2.8509177650944274e+07	   3.5299569800089148e+13	   1.5735205500000000e+11	
   2.8805725035873570e+07	   3.5683710921003359e+13	   1.5333658500000000e+11	
   2.9098502238595109e+07	   3.5870800682451938e+13	   1.5121062500000000e+11	
   2.9385327291714039e+07	   3.6374890719365133e+13	   1.4915098500000000e+11	
   2.9675871006690677e+07	   3.6234118938446039e+13	   1.4897856500000000e+11	
   2.9949758640000153e+07	   3.6670429470328031e+13	   1.4690836500000000e+11	
   3.0242318654181276e+07	   3.7038196944549242e+13	   1.4486400000000000e+11	
   3.0535157528725430e+07	   3.7465555853701336e+13	   1.4281620000000000e+11	
   3.0828133107169043e+07	   3.7132331026827531e+13	   1.4461760500000000e+11	
   3.1121541579905529e+07	   3.7347774380303469e+13	   1.4064211000000000e+11	
   3.1420022202392753e+07	   3.8047682425612570e+13	   1.3666994500000000e+11	
   3.1708922275549304e+07	   3.7657440205591719e+13	   1.4046944500000000e+11	
   3.2003365599719040e+07	   3.7738645300182031e+13	   1.3647087000000000e+11	
   3.2300558353542477e+07	   3.7593931273752812e+13	   1.3833201000000000e+11	
   3.2594761124349173e+07	   3.7775105254574445e+13	   1.3632714000000000e+11	
   3.2885462755468730e+07	   3.7724292799730758e+13	   1.3626007500000000e+11	
   3.3175526163052589e+07	   3.8390480310719453e+13	   1.3037327500000000e+11	
   3.3470701704358075e+07	   3.7536049067158422e+13	   1.3418824500000000e+11	
   3.3764866962526523e+07	   3.7865750591744211e+13	   1.3025374500000000e+11	
   3.4056202952950723e+07	   3.7459016011974523e+13	   1.3213951500000000e+11	
   3.4349336825267814e+07	   3.7118686764642383e+13	   1.3208135000000000e+11	
   3.4645655527860597e+07	   3.7699364067126570e+13	   1.2813818500000000e+11	
   3.4933926660197794e+07	   3.7638800470939641e+13	   1.2805809500000000e+11	
   3.5223628386692412e+07	   3.7797634266963078e+13	   1.2606650000000000e+11	
   3.5505198857791305e+07	   3.6932247018286141e+13	   1.2796667000000000e+11	
   3.5793665985870212e+07	   3.6860626484837891e+13	   1.2791006500000000e+11	
   3.6089667015773289e+07	   3.7423856248302281e+13	   1.2397147000000000e+11	
   3.6381285056377307e+07	   3.7524387127908508e+13	   1.2391944000000000e+11	
   3.6675772180597976e+07	   3.7667161582775164e+13	   1.2192843500000000e+11	
   3.6970256762230724e+07	   3.7105711533308469e+13	   1.2382381000000000e+11	
   3.7263381113307968e+07	   3.7100807161726516e+13	   1.2377607000000000e+11	
   3.7553784023070648e+07	   3.7706107880567344e+13	   1.2178174500000000e+11	
   3.7843992182931438e+07	   3.7678698472206812e+13	   1.2173401000000000e+11	
   3.8138598676165871e+07	   3.8554977429556367e+13	   1.1974467500000000e+11	
   3.8431447368307561e+07	   3.9329100133020242e+13	   1.1776361500000000e+11	
   3.8725728868661880e+07	   3.9857512646405891e+13	   1.1771401000000000e+11	
   3.9020095427465983e+07	   4.0807010040233336e+13	   1.1766905000000000e+11	
   3.9314607137061812e+07	   4.1990121284633281e+13	   1.1568345000000000e+11	
   3.9608655957785495e+07	   4.1800867153714859e+13	   1.1953701500000000e+11	
   3.9897540547992341e+07	   4.1111598799730914e+13	   1.1756225000000000e+11	
   4.0189852833226174e+07	   4.0499053339947430e+13	   1.1364731500000000e+11	
   4.0483228685578175e+07	   3.8079703976876039e+13	   1.1361125000000000e+11	
   4.0774629800738186e+07	   3.5626288023575586e+13	   1.1358272000000000e+11	
   4.1059263116530493e+07	   3.2399457403563398e+13	   1.1744415000000000e+11	
   4.1343859632142507e+07	   3.1046533662249414e+13	   1.1353922000000000e+11	
   4.1634242910637811e+07	   2.9603648541219391e+13	   1.1156712000000000e+11	
   4.1930092313543521e+07	   2.7689645868161320e+13	   1.1153665000000000e+11	
   4.2219662807942174e+07	   2.6104187198553785e+13	   1.1151012000000000e+11	
   4.2514366587878615e+07	   2.4605573946660195e+13	   1.1148426000000000e+11	
   4.2804277217954412e+07	   2.3308811550238340e+13	   1.1146345500000000e+11	
   4.3101206341668494e+07	   2.2399314523207852e+13	   1.0948738500000000e+11	
   4.3392018889919162e+07	   2.2184118630282797e+13	   1.0557272000000000e+11	
   4.3687145061084211e+07	   2.0183542916318055e+13	   1.0943455500000000e+11	
   4.3981765083152376e+07	   1.8969864019554129e+13	   1.1135059000000000e+11	
   4.4270586549963482e+07	   1.8663343078016465e+13	   1.0743142500000000e+11	
   4.4554689337342337e+07	   1.8620218442256199e+13	   1.0546745500000000e+11	
   4.4846778386660188e+07	   1.8234999508783770e+13	   1.0349435000000000e+11	
   4.5137843723551549e+07	   1.6603522174397387e+13	   1.0930772500000000e+11	
   4.5423554114273630e+07	   1.6567770724110389e+13	   1.0927855500000000e+11	
   4.5709728028406717e+07	   1.7817489067980641e+13	   1.0341608500000000e+11	
   4.5996409171082027e+07	   1.8077219985205691e+13	   1.0145129000000000e+11	
   4.6284129387588605e+07	   1.7242224331469891e+13	   1.0531492500000000e+11	
   4.6575200046973743e+07	   1.6694683948361143e+13	   1.0723075500000000e+11	
   4.6869661417153239e+07	   1.7767664940712469e+13	   1.0137448500000000e+11	
   4.7163712833871327e+07	   1.8252938049359812e+13	   9.9403055000000000e+10	
   4.7458476931372687e+07	   1.7207680413097939e+13	   1.0326141500000000e+11	
   4.7752973766285755e+07	   1.7319526962431373e+13	   1.0325693500000000e+11	
   4.8048610079752624e+07	   1.8144149906566266e+13	   9.9343375000000000e+10	
   4.8343903154552698e+07	   1.7820503089743508e+13	   9.9302880000000000e+10	
   4.8639320134550586e+07	   1.7545785100960992e+13	   1.0122324000000000e+11	
   4.8932609692088984e+07	   1.8153066187644703e+13	   9.7302375000000000e+10	
   4.9224226904639095e+07	   1.8789965075839582e+13	   9.5318110000000000e+10	
   4.9517585290931299e+07	   1.7810952650685684e+13	   9.9185745000000000e+10	
   4.9808004072552443e+07	   1.8441544285469812e+13	   9.5285790000000000e+10	
   5.0104461070808783e+07	   1.8675149075634012e+13	   9.3311060000000000e+10	
   5.0394982144900061e+07	   1.7877446328522344e+13	   9.7174460000000000e+10	
   5.0681113879716866e+07	   1.8232051956362027e+13	   9.5203920000000000e+10	
   5.0974771189287946e+07	   1.8381656086862891e+13	   9.3222855000000000e+10	
   5.1272273104943775e+07	   1.8621447236559039e+13	   9.1246960000000000e+10	
   5.1560380889846183e+07	   1.7497501029690211e+13	   9.5116060000000000e+10	
   5.1858205939836487e+07	   1.8030275225107191e+13	   9.3148255000000000e+10	
   5.2149171149014056e+07	   1.7732011935343242e+13	   9.3121155000000000e+10	
   5.2441606536231980e+07	   1.7469664624218758e+13	   9.3088825000000000e+10	
   5.2737460655350208e+07	   1.8002542843152551e+13	   8.9169025000000000e+10	
   0.0000000000000000e+00	   0.0000000000000000e+00	   0.0000000000000000e+00	
   0.0000000000000000e+00	   0.0000000000000000e+00	   0.0000000000000000e+00	
   0.0000000000000000e+00	   0.0000000000000000e+00	   0.0000000000000000e+00	
   0.0000000000000000e+00	   0.0000000000000000e+00	   0.0000000000000000e+00	
   0.0000000000000000e+00	   0.0000000000000000e+00	   0.0000000000000000e+00	
   0.0000000000000000e+00	   0.0000000000000000e+00	   0.0000000000000000e+00	
   0.0000000000000000e+00	   0.0000000000000000e+00	   0.0000000000000000e+00	
   0.0000000000000000e+00	   0.0000000000000000e+00	   0.0000000000000000e+00	
   0.0000000000000000e+00	   0.0000000000000000e+00	   0.0000000000000000e+00	
   0.0000000000000000e+00	   0.0000000000000000e+00	   0.0000000000000000e+00	
   0.0000000000000000e+00	   0.0000000000000000e+00	   0.0000000000000000e+00	
   0.0000000000000000e+00	   0.0000000000000000e+00	   0.0000000000000000e+00	
   0.0000000000000000e+00	   0.0000000000000000e+00	   0.0000000000000000e+00	
   0.0000000000000000e+00	   0.0000000000000000e+00	   0.0000000000000000e+00	
   0.0000000000000000e+00	   0.0000000000000000e+00	   0.0000000000000000e+00	
   0.0000000000000000e+00	   0.0000000000000000e+00	   0.0000000000000000e+00	
   0.0000000000000000e+00	   0.0000000000000000e+00	   0.0000000000000000e+00	
   0.0000000000000000e+00	   0.0000000000000000e+00	   0.0000000000000000e+00	
   0.0000000000000000e+00	   0.0000000000000000e+00	   0.0000000000000000e+00	
   0.0000000000000000e+00	   0.0000000000000000e+00	   0.0000000000000000e+00	
   0.0000000000000000e+00	   0.0000000000000000e+00	   0.0000000000000000e+00	
   0.0000000000000000e+00	   0.0000000000000000e+00	   0.0000000000000000e+00	
   0.0000000000000000e+00	   0.0000000000000000e+00	   0.0000000000000000e+00	
   0.0000000000000000e+00	   0.0000000000000000e+00	   0.0000000000000000e+00	
   0.0000000000000000e+00	   0.0000000000000000e+00	   0.0000000000000000e+00	
   0.0000000000000000e+00	   0.0000000000000000e+00	   0.0000000000000000e+00	
   0.0000000000000000e+00	   0.0000000000000000e+00	   0.0000000000000000e+00	
