   3.1402089445708367e-02	   0.0000000000000000e+00	   0.0000000000000000e+00	   0.0000000000000000e+00	   0.0000000000000000e+00	   0.0000000000000000e+00	
   1.2185779330236619e+04	   0.0000000000000000e+00	   0.0000000000000000e+00	   0.0000000000000000e+00	   0.0000000000000000e+00	   0.0000000000000000e+00	
   1.8065540251357318e+05	   0.0000000000000000e+00	   0.0000000000000000e+00	   0.0000000000000000e+00	   0.0000000000000000e+00	   0.0000000000000000e+00	
   3.7206703829956794e+05	   0.0000000000000000e+00	   0.0000000000000000e+00	   0.0000000000000000e+00	   0.0000000000000000e+00	   0.0000000000000000e+00	
   6.0493784580011119e+05	   0.0000000000000000e+00	   0.0000000000000000e+00	   0.0000000000000000e+00	   0.0000000000000000e+00	   0.0000000000000000e+00	
   8.9168465179637645e+05	   0.0000000000000000e+00	   0.0000000000000000e+00	   0.0000000000000000e+00	   0.0000000000000000e+00	   0.0000000000000000e+00	
   1.1916846517963763e+06	   7.5626542575233606e+11	   6.5250582533649512e+11	   5.6823249745107678e+11	   4.9551702115962787e+11	   4.3234585957073151e+11	
   1.4916846517963763e+06	   3.1923643871997881e+12	   2.8170543437534004e+12	   2.4610059092250229e+12	   2.1419200097591506e+12	   1.7909168577516467e+12	
   1.7916846517963763e+06	   1.3820253039417928e+14	   1.0978683220999941e+14	   8.3623306895871391e+13	   6.7029722288189008e+13	   5.6741998593860836e+13	
   2.0912134517985829e+06	   2.8355377672470688e+14	   2.7887320346368500e+14	   2.7205978736085191e+14	   2.6277000870225388e+14	   2.5730977307385144e+14	
   2.3912134517985834e+06	   4.0753188443155375e+14	   4.0876025736659231e+14	   4.0426275715538506e+14	   3.9513076297923738e+14	   3.8151593152327231e+14	
   2.6912134517985834e+06	   4.2041761867530025e+14	   4.1664003744701788e+14	   4.1190325305209162e+14	   4.0778111063489831e+14	   4.0371955967803262e+14	
   2.9912134517985834e+06	   3.3263094200348000e+14	   3.3294564997704325e+14	   3.3237043077220081e+14	   3.3143905039872088e+14	   3.2846947512858044e+14	
   3.2912134517985834e+06	   3.2896883145745831e+14	   3.3391580508402894e+14	   3.3769046540181606e+14	   3.4172081066160988e+14	   3.4426864231672406e+14	
   3.5912134517985834e+06	   3.6624707223768356e+14	   3.6819553594021375e+14	   3.7042716875364831e+14	   3.7321095839426962e+14	   3.7506607467186050e+14	
   3.8912134517985834e+06	   3.3327570823748569e+14	   3.3660006016778638e+14	   3.3915818786165400e+14	   3.4275085628967962e+14	   3.4615380657442131e+14	
   4.1912134517985834e+06	   3.4734670882060406e+14	   3.4999729119209962e+14	   3.5299271221658806e+14	   3.5694092220386362e+14	   3.6038572886546194e+14	
   4.4910673771905936e+06	   3.6702180306177725e+14	   3.7241856508240356e+14	   3.7230576571709250e+14	   3.6792611336334544e+14	   3.7049315582858112e+14	
   4.6641556594787193e+06	   5.4819690445714338e+14	   5.7071311439082700e+14	   6.0127414741752000e+14	   6.0351348865311150e+14	   6.3099910823748212e+14	
   4.7496795739342691e+06	   7.7254656932609850e+14	   7.5765295004779062e+14	   7.5303795923923175e+14	   7.1870308165912800e+14	   7.0500640186525700e+14	
   4.8594370826616604e+06	   6.2330891033303388e+14	   6.3649101511417112e+14	   6.5629693126742988e+14	   6.8460909864580388e+14	   7.1025595676853625e+14	
   5.0009466140134418e+06	   1.8026428032067138e+14	   1.7908776852880147e+14	   1.8528230857132450e+14	   2.0169587322577838e+14	   2.1146353025845759e+14	
   5.2948219850679254e+06	   2.1233185762436747e+14	   1.9343913415888688e+14	   1.7663889184532216e+14	   1.7320339250673806e+14	   1.6821832482701747e+14	
   5.5948219850679254e+06	   1.9806472581979547e+14	   2.0402736586483769e+14	   2.0697387382836075e+14	   2.0444730050886659e+14	   2.0453009400836891e+14	
   5.8948219850679254e+06	   1.6899768143525153e+14	   1.7973490939501884e+14	   1.8253338774630816e+14	   1.8396646978778978e+14	   1.7866334191704816e+14	
   6.1948219850679254e+06	   1.5309628229196853e+14	   1.5786875210733338e+14	   1.6023660012788356e+14	   1.6371066737492953e+14	   1.6779956076872394e+14	
   6.4948219850679254e+06	   1.4450004391578125e+14	   1.4617261388965853e+14	   1.5203805543275472e+14	   1.5226344269042953e+14	   1.5569003708782059e+14	
   6.7948219850679254e+06	   1.4028338433871789e+14	   1.4196003088891594e+14	   1.4529706211161162e+14	   1.4672305428787666e+14	   1.4891833083385266e+14	
   7.0948219850679254e+06	   1.3324444519797548e+14	   1.3683453582330331e+14	   1.3952431827136100e+14	   1.4235634044672216e+14	   1.4593184158203100e+14	
   7.3948219850679254e+06	   1.3149016131626002e+14	   1.3421579898839897e+14	   1.3695709631086959e+14	   1.4045052142320756e+14	   1.4268131650657456e+14	
   7.6948219850679254e+06	   1.2931499542125448e+14	   1.3237655844117945e+14	   1.3453142523153472e+14	   1.3897525043719908e+14	   1.3932636356211922e+14	
   7.9948219850679254e+06	   1.2735476193522742e+14	   1.2882972053740162e+14	   1.2981440868971655e+14	   1.3379149561701117e+14	   1.3499818079164553e+14	
   8.2948219850679254e+06	   1.2343587726905770e+14	   1.2265068126783838e+14	   1.2647709681133862e+14	   1.2862894975631950e+14	   1.3263008129140689e+14	
   8.5948219850679245e+06	   1.1759619979499539e+14	   1.1735240121391144e+14	   1.2464891028748847e+14	   1.2440136021330488e+14	   1.2566899135402731e+14	
   8.8948219850679245e+06	   1.0551319071438083e+14	   1.0725359506198467e+14	   1.1119985300929720e+14	   1.1263009738487047e+14	   1.1644965983943161e+14	
   9.1948219850679245e+06	   1.1320371980066405e+14	   1.1743485570206917e+14	   1.1901463036524647e+14	   1.2266542201476770e+14	   1.2579188238794156e+14	
   9.4948219850679245e+06	   1.0584756584963288e+14	   1.1049975972593773e+14	   1.1178807883273739e+14	   1.1728439628736053e+14	   1.1837867319558158e+14	
   9.7948219850679245e+06	   1.0592177109912508e+14	   1.0564884289468491e+14	   1.0892102510505483e+14	   1.1090762522586953e+14	   1.1238104961600667e+14	
   1.0094821985067924e+07	   1.1339597214461717e+14	   1.1698750217502170e+14	   1.1686456820363167e+14	   1.1983445212153519e+14	   1.2120308375740530e+14	
   1.0394821985067924e+07	   1.0313337592131972e+14	   1.0619310156387048e+14	   1.0806033985496534e+14	   1.1095075049681614e+14	   1.1439017993982245e+14	
   1.0694821985067924e+07	   1.1703607877946367e+14	   1.1903604444916395e+14	   1.2125030490060819e+14	   1.2640903342586419e+14	   1.2829143233675397e+14	
   1.0994821985067924e+07	   1.5113179622294138e+14	   1.5448161997669691e+14	   1.5641511515699362e+14	   1.5861441217216547e+14	   1.6412150368949647e+14	
   1.1294821985067924e+07	   1.8109133880777119e+14	   1.8419725011107372e+14	   1.8877431132581334e+14	   1.9149599392710322e+14	   1.9185515015547594e+14	
   1.1594821985067924e+07	   1.8688190500067228e+14	   1.9049889475198909e+14	   1.9160032268761000e+14	   1.8400450266565728e+14	   1.8703127933835328e+14	
   1.1894821985067924e+07	   1.4908609336768291e+14	   1.3903459933504642e+14	   1.3165224292461095e+14	   1.1861323283051588e+14	   1.1456649691916969e+14	
   1.2194821985067924e+07	   1.1218607590642152e+14	   1.2046715396307992e+14	   1.3399204820192709e+14	   1.3807080809876602e+14	   1.2624238791003027e+14	
   1.2494821985067924e+07	   7.2274467109550766e+13	   7.0075862646094258e+13	   7.3934922552701188e+13	   7.7145386827598156e+13	   7.3365071401901266e+13	
   1.2794821985067924e+07	   5.9344607806427477e+13	   5.9895925872528875e+13	   6.1327196928891477e+13	   5.9318190078281273e+13	   5.8415444068752383e+13	
   1.3094821985067924e+07	   5.0518770531626359e+13	   5.1040223268498227e+13	   4.9890613723631391e+13	   4.9869562249439383e+13	   4.9395928618692742e+13	
   1.3394821985067924e+07	   4.1703436890577391e+13	   4.0929776763559023e+13	   4.1687302908947383e+13	   4.0993703056074172e+13	   4.0535761478029766e+13	
   1.3694821985067924e+07	   3.4969350685985805e+13	   3.4681895738992902e+13	   3.5788239965569523e+13	   3.7036168997848734e+13	   3.7005125036609445e+13	
   1.3994821985067924e+07	   3.0010124611144859e+13	   2.9522154302855270e+13	   2.9767296391753715e+13	   3.0146383130842559e+13	   3.1042069087080148e+13	
   1.4294821985067924e+07	   1.0189827602772145e+13	   9.6507359178746172e+12	   9.2213400758446777e+12	   9.7861364305347461e+12	   9.0667410098689395e+12	
   1.4545925377634192e+07	  -1.5162052874459834e+14	  -1.5362547437010319e+14	  -1.5562947988683594e+14	  -1.5817097842064216e+14	  -1.6074676635771806e+14	
   1.4832210288046878e+07	  -5.4299692260460641e+13	  -5.4931428482952336e+13	  -5.5441433687673352e+13	  -5.6227760338447617e+13	  -5.6531863375397742e+13	
   1.5132210288046878e+07	  -2.7737543609161254e+13	  -2.8141004693018359e+13	  -2.8292342246079641e+13	  -2.8693196832128195e+13	  -2.9013031148775656e+13	
   1.5432210288046878e+07	  -1.8255856185724527e+13	  -1.8381550246078715e+13	  -1.8686734912583121e+13	  -1.8904262667489312e+13	  -1.9096276283020613e+13	
   1.5732210288046878e+07	  -1.2431240838026203e+13	  -1.2643117802545035e+13	  -1.2786573203185002e+13	  -1.2934427852527482e+13	  -1.3056475840856359e+13	
   1.6032167106104378e+07	  -9.3723461382424570e+12	  -9.5018900716464219e+12	  -9.5853526340140391e+12	  -9.7310391849664434e+12	  -9.8306934622804785e+12	
   1.6332154216040062e+07	  -6.1842328639030469e+12	  -6.2510596113307432e+12	  -6.3628382483116895e+12	  -6.4033535951068242e+12	  -6.4588653537934824e+12	
   1.6631877450025951e+07	  -2.0286543494650215e+12	  -2.0303915128270198e+12	  -2.0522577650378477e+12	  -2.0695152576017727e+12	  -2.0954300671226777e+12	
   1.6931877450025950e+07	  -5.5084813789188489e+11	  -5.0832154115892950e+11	  -4.2649263908498413e+11	  -4.8624137214478900e+11	  -5.0272725615625256e+11	
   1.7231877450025950e+07	   6.1243571595808850e+11	   6.3872980001345776e+11	   6.7108860981359741e+11	   7.0299315892111182e+11	   7.3626614017841504e+11	
   1.7531722533848070e+07	   1.1613158147387898e+12	   1.2148385994608953e+12	   1.2752473675188635e+12	   1.3452027609847551e+12	   1.3762894775230361e+12	
   1.7831722533848070e+07	   1.8700068269196731e+12	   1.9536566644793098e+12	   2.0198976040288323e+12	   2.0693855295258804e+12	   2.1149717036726848e+12	
   1.8131722533848070e+07	   7.5389122088546006e+12	   7.7085732772880029e+12	   7.8675454624082959e+12	   8.0114380816162246e+12	   8.1947247811794521e+12	
   1.8431605444849633e+07	   8.5473414522021006e+12	   8.7051045852520830e+12	   8.8016577293046074e+12	   8.9387691954632969e+12	   9.0315967536977109e+12	
   1.8731493414933588e+07	   7.5824011730099727e+12	   7.7145832133120889e+12	   7.8442655804221367e+12	   7.9436372226914180e+12	   8.0367168071846699e+12	
   1.9030435241719000e+07	   5.4835977400922109e+12	   5.5780054074175039e+12	   5.6645039130902295e+12	   5.7256690868208848e+12	   5.7985727545750576e+12	
   1.9329441185056690e+07	   5.9461296891959287e+12	   6.0323160438164434e+12	   6.0998828006864932e+12	   6.1797707733528809e+12	   6.2361365967193506e+12	
   1.9627271141366258e+07	   5.9690749826827148e+12	   6.0662294829725977e+12	   6.1553920919658135e+12	   6.2426962002281719e+12	   6.3287024930164727e+12	
   1.9925128920146830e+07	   6.3028521284318232e+12	   6.4008131641112354e+12	   6.4745182445268672e+12	   6.5725863503342471e+12	   6.6496546178566045e+12	
   2.0221637834958922e+07	   3.3612011766838018e+12	   3.4192349842675083e+12	   3.4791170158889453e+12	   3.5453863092846152e+12	   3.6288249074270747e+12	
   2.0520459919905007e+07	   4.2927617906882026e+12	   4.3732258622402070e+12	   4.4295749819059707e+12	   4.4807501304289121e+12	   4.5794884089663330e+12	
   2.0815693511653405e+07	   4.3238692936460312e+12	   4.3807354514299258e+12	   4.4448125620875234e+12	   4.4878152338053877e+12	   4.5762397466405557e+12	
   2.1102830181724079e+07	   4.9427213010778379e+12	   5.0200630459930283e+12	   5.0847902194675039e+12	   5.1427401171654717e+12	   5.2294863991148467e+12	
   2.1389816735925287e+07	   4.9820835312886094e+12	   5.0626867935643125e+12	   5.1305668694952510e+12	   5.1925347010281162e+12	   5.2396434765477236e+12	
   2.1684276877136532e+07	   5.8334087974195010e+12	   5.9234164343012012e+12	   5.9640146809092246e+12	   6.0157529318416377e+12	   6.0979718577781494e+12	
   2.1974416534089074e+07	   6.3372292092472334e+12	   6.4551439017965420e+12	   6.4915597778880547e+12	   6.5625166634895576e+12	   6.6834753247942832e+12	
   2.2266719680439021e+07	   6.4119470509985723e+12	   6.4967738999831904e+12	   6.5499986472322891e+12	   6.6021819168160361e+12	   6.6962465536153672e+12	
   2.2556851450163580e+07	   5.7801568905760889e+12	   5.8647641628805537e+12	   5.8930605084964922e+12	   5.9707883446878350e+12	   6.0223998899764883e+12	
   2.2846666832189497e+07	   4.7560885232712822e+12	   4.7953375973521143e+12	   4.8799852867971562e+12	   4.9364963173133438e+12	   4.9405699786602344e+12	
   2.3124778398368970e+07	   4.8432211728195459e+12	   4.8765072743610137e+12	   4.9764764144458477e+12	   4.9965210332976006e+12	   5.0119408293913164e+12	
   2.3414141340421397e+07	   5.0598691657411143e+12	   5.1171798121618076e+12	   5.1571320450982793e+12	   5.2189212474195908e+12	   5.2089530172470732e+12	
   2.3699392776702087e+07	   5.6092852358653877e+12	   5.6606189479924766e+12	   5.6887886292398467e+12	   5.7391664884465420e+12	   5.7511844532279932e+12	
   2.3957858082114343e+07	   5.1427123876087061e+12	   5.1890931370386396e+12	   5.1924957838905576e+12	   5.2212865754499424e+12	   5.2453714991472812e+12	
   2.4220100693330549e+07	   3.3225234880435039e+12	   3.3472652144628916e+12	   3.3845500074149868e+12	   3.4197626177802983e+12	   3.4454498977164683e+12	
   2.4464290852688935e+07	   4.2084795070166445e+12	   4.2266286554770059e+12	   4.2396312999291426e+12	   4.2654487004332178e+12	   4.2789919805234795e+12	
   2.4699169576331161e+07	   3.9500994356053994e+12	   3.9605277551871753e+12	   3.9692116909815664e+12	   3.9828024169933975e+12	   4.0003515720761021e+12	
   2.4926757018106595e+07	   4.6647847755260518e+12	   4.6794236524696162e+12	   4.6801260028844004e+12	   4.6715652651448867e+12	   4.6656213927100879e+12	
   2.5149920030863974e+07	   3.6161712199349082e+12	   3.6354125346607427e+12	   3.6255128707988770e+12	   3.6135972364347261e+12	   3.6168259378806846e+12	
   2.5367421517546680e+07	   4.5131925539033086e+12	   4.5085086636004502e+12	   4.4602157493776650e+12	   4.4258490238459658e+12	   4.4134949690484580e+12	
   2.5586364046822172e+07	   3.4057835324078784e+12	   3.4033337152276182e+12	   3.3781762594249385e+12	   3.3604286232117847e+12	   3.3441277400124829e+12	
   2.5811718014913071e+07	   3.4365317202773711e+12	   3.4300986105295913e+12	   3.4087688479424170e+12	   3.3865924512217246e+12	   3.3570573379474785e+12	
   2.6058695742397822e+07	   3.7302394950552256e+12	   3.7233533942435444e+12	   3.7021791209721470e+12	   3.6679442678648086e+12	   3.6235460549157178e+12	
   2.6342069845365696e+07	   3.2943206374069351e+12	   3.2773436806987124e+12	   3.2502673873421587e+12	   3.2179649301751450e+12	   3.1684565257485283e+12	
   2.6617657052026790e+07	   3.4967838590017422e+12	   3.4488570573668535e+12	   3.3902673432818369e+12	   3.3256686518121055e+12	   3.2469235175278159e+12	
   2.6878444599241838e+07	   3.2438807280533867e+12	   3.1715145936917710e+12	   3.0984981041291660e+12	   3.0346859247059341e+12	   2.9611097040848569e+12	
   2.7163699520483676e+07	   2.4815390696323813e+12	   2.4306090247162690e+12	   2.3838328815216509e+12	   2.3434376878797319e+12	   2.2955901874889170e+12	
   2.7456979007161509e+07	   2.4106575921013149e+12	   2.3660926039121538e+12	   2.3282980029463799e+12	   2.2885851158109639e+12	   2.2448084724273164e+12	
   2.7742592256083943e+07	   2.4641370051282920e+12	   2.4140419256084966e+12	   2.3691715910309360e+12	   2.3229713598423262e+12	   2.2751043034183647e+12	
   2.8031931394449685e+07	   1.7283534172232590e+12	   1.7029134731855144e+12	   1.6782888405989341e+12	   1.6546210112489797e+12	   1.6288520444438953e+12	
   2.8326947785841823e+07	   1.8615518230945415e+12	   1.8267265495996558e+12	   1.7963296477553574e+12	   1.7636496351036460e+12	   1.7333538961559661e+12	
   2.8615515407148972e+07	   1.6362593296385425e+12	   1.6108299013089934e+12	   1.5856266455078508e+12	   1.5572669433609480e+12	   1.5309664202998757e+12	
   2.8904302394772969e+07	   1.3627205156751431e+12	   1.3431843425966621e+12	   1.3236141225004570e+12	   1.3015067325657549e+12	   1.2815040973236711e+12	
   2.9192078526084863e+07	   1.1185568748237476e+12	   1.1040908941348923e+12	   1.0882802572753983e+12	   1.0732684970056669e+12	   1.0583852947855822e+12	
   2.9468637865883056e+07	   1.0067133368607588e+12	   9.9452029326789453e+11	   9.8061006153554834e+11	   9.6731007698150415e+11	   9.5425306493675598e+11	
   2.9745966286262155e+07	   1.0977211314379003e+12	   1.0829113640415698e+12	   1.0657907882992936e+12	   1.0484006210800338e+12	   1.0307440242495106e+12	
   3.0019388745956425e+07	   9.2490088743445532e+11	   9.1202977440029358e+11	   8.9862809783267017e+11	   8.8506618978424194e+11	   8.7158955290450793e+11	
   3.0311782605603833e+07	   8.5244584243855481e+11	   8.4110958985915027e+11	   8.3060074154200415e+11	   8.1965088224030823e+11	   8.0754568325495435e+11	
   3.0598671006765503e+07	   7.5099865298471082e+11	   7.4156839195595459e+11	   7.3240425605502771e+11	   7.2331858725604004e+11	   7.1181078843019263e+11	
   3.0890142554539040e+07	   8.0132263370307654e+11	   7.9029498729849304e+11	   7.7919657316212170e+11	   7.6836822122013110e+11	   7.5477667010979260e+11	
   3.1184037326205224e+07	   5.7480862138276794e+11	   5.6901794219521594e+11	   5.6333304138201086e+11	   5.5625401632342310e+11	   5.4918746019118250e+11	
   3.1474446817097358e+07	   5.8207945533628467e+11	   5.7510603119436694e+11	   5.6871916771177515e+11	   5.6096886170076135e+11	   5.5274551193573792e+11	
   3.1769264896309551e+07	   4.0591730096552142e+11	   4.0295685856287061e+11	   4.0026929835210938e+11	   3.9712037006567316e+11	   3.9338983316337097e+11	
   3.2058165848482288e+07	   4.5908453817035071e+11	   4.5387057063920886e+11	   4.4860234882847131e+11	   4.4294421372622052e+11	   4.3710765784216534e+11	
   3.2349368592144169e+07	   4.0448686772399658e+11	   4.0072340539017352e+11	   3.9712942843400580e+11	   3.9322363233013715e+11	   3.8904262080336450e+11	
   3.2643453439522285e+07	   3.5471540502182599e+11	   3.5173538132506012e+11	   3.4863353781559772e+11	   3.4572391974391064e+11	   3.4205203500589301e+11	
   3.2938476702541698e+07	   3.3927000900604523e+11	   3.3683619764277307e+11	   3.3409159126191144e+11	   3.3125266853107574e+11	   3.2764059655968524e+11	
   3.3235437775536194e+07	   3.2395883179197516e+11	   3.2196437453180743e+11	   3.1887750224281586e+11	   3.1624462815849542e+11	   3.1286177666453003e+11	
   3.3524105003575262e+07	   3.2973790554392383e+11	   3.2743000810283838e+11	   3.2343942049410028e+11	   3.2002153796725824e+11	   3.1605557520441467e+11	
   3.3817986977297314e+07	   2.8335043409858777e+11	   2.8154017159778363e+11	   2.7896207323693506e+11	   2.7636778388673315e+11	   2.7346347713822513e+11	
   3.4105669326125860e+07	   2.3859425788581125e+11	   2.3737814961402151e+11	   2.3539855062667987e+11	   2.3391432590854755e+11	   2.3176826444266254e+11	
   3.4404164422182821e+07	   2.0805728473806003e+11	   2.0728037403224997e+11	   2.0619649102387616e+11	   2.0506575373929846e+11	   2.0351366780492261e+11	
   3.4696796805827729e+07	   2.0421679869703799e+11	   2.0322165359374820e+11	   2.0186126831984473e+11	   2.0064155297154739e+11	   1.9906429529181842e+11	
   3.4990298913708963e+07	   1.9052020382782147e+11	   1.8937595252008353e+11	   1.8808935851719971e+11	   1.8658431403786887e+11	   1.8525681053879123e+11	
   3.5282436634821974e+07	   2.0395813845901651e+11	   2.0220217671195209e+11	   2.0047165465220352e+11	   1.9851439340459204e+11	   1.9628709361570447e+11	
   3.5579009174341783e+07	   1.7129862233100394e+11	   1.7017694821546616e+11	   1.6879284965875684e+11	   1.6715629678310657e+11	   1.6584523015538181e+11	
   3.5872728404661454e+07	   1.8135618744517044e+11	   1.7953059822495789e+11	   1.7800207283472183e+11	   1.7606001828748441e+11	   1.7450371029406876e+11	
   3.6162767406234093e+07	   1.7635004587126065e+11	   1.7489495435837659e+11	   1.7292832138248044e+11	   1.7100342892305115e+11	   1.6932811014537842e+11	
   3.6449674442886196e+07	   1.0730938723993091e+11	   1.0769675827533864e+11	   1.0764728554598877e+11	   1.0746302361322856e+11	   1.0709534776162404e+11	
   3.6747292355615839e+07	   1.5794320311541980e+11	   1.5670530676007742e+11	   1.5499274990928604e+11	   1.5328780622666608e+11	   1.5123699511380466e+11	
   3.7041867027809888e+07	   1.3182347091898047e+11	   1.3093056079559256e+11	   1.2995711209009943e+11	   1.2877059217625417e+11	   1.2742632661278542e+11	
   3.7328644945548654e+07	   1.2161611479976781e+11	   1.2093270463100249e+11	   1.2013879964171780e+11	   1.1915757442623761e+11	   1.1813190492348157e+11	
   3.7615715446739681e+07	   1.1654721295492094e+11	   1.1567229504315485e+11	   1.1468412952449857e+11	   1.1383562528905072e+11	   1.1299683636429794e+11	
   3.7905733099563181e+07	   1.2283417246621558e+11	   1.2157257103766440e+11	   1.2040909493358881e+11	   1.1921147998850887e+11	   1.1809604178061542e+11	
   3.8193163565754749e+07	   9.5261852362915253e+10	   9.4759495430740372e+10	   9.4564634666246735e+10	   9.3800337595470993e+10	   9.3373355137346588e+10	
   3.8484411264851168e+07	   9.1763640587443497e+10	   9.0541230708591492e+10	   9.0095244841510208e+10	   8.9387816477968872e+10	   8.8879801249696381e+10	
   3.8779823007916883e+07	   8.7948452563508209e+10	   8.6914884422245132e+10	   8.6472499316023483e+10	   8.6005177762620621e+10	   8.5427234691926208e+10	
   3.9072488446556307e+07	   1.1510582351065533e+11	   1.1293175962166212e+11	   1.1188989753769261e+11	   1.1035426408699220e+11	   1.0886370407174962e+11	
   3.9360371931799799e+07	   9.0926591127381302e+10	   8.9509035652826172e+10	   8.9169531594795822e+10	   8.7948131358020721e+10	   8.7265822741534302e+10	
   3.9651401337017402e+07	   7.3984898188680832e+10	   7.3353905754044159e+10	   7.3091671679398773e+10	   7.2463216589221725e+10	   7.2312893702247391e+10	
   3.9949147848280475e+07	   8.8592414920547928e+10	   8.7521139273793320e+10	   8.6861243715661606e+10	   8.5698451398900482e+10	   8.4943524662983826e+10	
   4.0236340760143951e+07	   8.2885270889881287e+10	   8.1851810090890335e+10	   8.0793369473926270e+10	   7.9831335152995651e+10	   7.9023183546387741e+10	
   4.0528487566014066e+07	   7.4024654539008621e+10	   7.3204056404240112e+10	   7.2195463217900558e+10	   7.1816267733676147e+10	   7.1157938285310959e+10	
   4.0826157803100199e+07	   8.6197465584504227e+10	   8.4705931153164337e+10	   8.3195111435148422e+10	   8.1908992859365829e+10	   8.0767744703205612e+10	
   4.1123218009439774e+07	   8.5135770535523590e+10	   8.3645569476383698e+10	   8.2295737535999832e+10	   8.1185149235850281e+10	   8.0017845398379501e+10	
   4.1418775837524839e+07	   7.5549296774303680e+10	   7.4292651123928085e+10	   7.2954408359561722e+10	   7.1845097641377701e+10	   7.0972068224289139e+10	
   4.1714349902624995e+07	   7.1828400544801956e+10	   7.0305798151099701e+10	   6.9081050125199448e+10	   6.8078600001154877e+10	   6.7176195427468170e+10	
   4.2004431067500152e+07	   7.1622065067634766e+10	   7.0357809413517624e+10	   6.8931114997229797e+10	   6.7720137187100464e+10	   6.6648055309060844e+10	
   4.2300146679852068e+07	   6.6307037523013512e+10	   6.5454411340983154e+10	   6.4078517715669731e+10	   6.3210205540863022e+10	   6.2461766825775696e+10	
   4.2595850160117477e+07	   6.8582796620433487e+10	   6.7248624323803108e+10	   6.5713000228825653e+10	   6.4584937907753441e+10	   6.3608680993374908e+10	
   4.2890640053610846e+07	   7.5326689526873337e+10	   7.3014695509026718e+10	   7.1451023821875351e+10	   6.9873766582446747e+10	   6.8585529101960243e+10	
   4.3175523157529160e+07	   7.1345248532628448e+10	   6.9332316155212418e+10	   6.7704851202210335e+10	   6.6237616075102722e+10	   6.4947603285421753e+10	
   4.3465096564929180e+07	   5.9979683260405823e+10	   5.8480432094806915e+10	   5.7190442742926582e+10	   5.6293380562647614e+10	   5.5268982482681137e+10	
   4.3760784981882147e+07	   6.1867861643159233e+10	   5.9933713584145592e+10	   5.8390184535222702e+10	   5.7109743265130112e+10	   5.5990567107721260e+10	
   4.4051211942247942e+07	   7.5704168874909897e+10	   7.3189395867660355e+10	   7.1199515786668472e+10	   6.9552348847784180e+10	   6.8016856717305901e+10	
   4.4347209454317100e+07	   6.8883571739275101e+10	   6.6493743937682014e+10	   6.4562153506226212e+10	   6.3058446163371941e+10	   6.1365774726471207e+10	
   4.4639283586472146e+07	   5.7629423716837685e+10	   5.5756957967831802e+10	   5.4225316825892426e+10	   5.2984471015671684e+10	   5.1884962142797050e+10	
   4.4921188252252340e+07	   5.9421201126435280e+10	   5.7370909980569679e+10	   5.5484505586031715e+10	   5.4000522847810768e+10	   5.2685227273760803e+10	
   4.5213277948250547e+07	   6.8821496597952225e+10	   6.6096171056885872e+10	   6.3921287209546150e+10	   6.1859188198676003e+10	   6.0182390187907524e+10	
   4.5501577432833210e+07	   7.0275453616100464e+10	   6.7512517517476471e+10	   6.5254003409694862e+10	   6.3199874442002090e+10	   6.1377759857147301e+10	
   4.5791790969391085e+07	   7.0642997392768143e+10	   6.7775250413302620e+10	   6.5078821440544098e+10	   6.2889487911868759e+10	   6.1062765629166618e+10	
   4.6082540544501297e+07	   6.4715908663044495e+10	   6.1862284808791397e+10	   5.9351495285597649e+10	   5.7290046292040695e+10	   5.5542319610496834e+10	
   4.6377243752243303e+07	   6.5720737310930016e+10	   6.2920224323640678e+10	   6.0156123691787041e+10	   5.7790149521658012e+10	   5.5832455957777512e+10	
   4.6660622335961528e+07	   6.9102714167086975e+10	   6.5892377410627296e+10	   6.3061734770614792e+10	   6.0541049089097061e+10	   5.8482607111405624e+10	
   4.6951000387859292e+07	   6.7307695370018501e+10	   6.4039433966584724e+10	   6.1156533912209785e+10	   5.8577670910478088e+10	   5.6419034884374847e+10	
   4.7242970796839580e+07	   6.9761778172943848e+10	   6.6192227004876640e+10	   6.3159406348472443e+10	   6.0253656118497749e+10	   5.7776892882385818e+10	
   4.7531258431688547e+07	   6.6240166697444038e+10	   6.2685322627503654e+10	   5.9534579742872612e+10	   5.6708837536491737e+10	   5.4398788249610214e+10	
   4.7823074202478811e+07	   7.0294067011613739e+10	   6.6183659748966553e+10	   6.2677129729994934e+10	   5.9563062336612587e+10	   5.7013392036395576e+10	
   4.8114228709971152e+07	   6.6441626484026283e+10	   6.2575510309120697e+10	   5.9342558825508255e+10	   5.6352094451160934e+10	   5.3870953701770668e+10	
   4.8406463755665466e+07	   7.0010242321285690e+10	   6.5861225119510796e+10	   6.2053123645199577e+10	   5.8873531360009544e+10	   5.6103579258513252e+10	
   4.8702839351678796e+07	   7.5761165324445816e+10	   7.1033624267457825e+10	   6.6791364747153320e+10	   6.3212699281868309e+10	   6.0058162529919899e+10	
   4.8994705877292022e+07	   6.6237231614932281e+10	   6.1966399207765388e+10	   5.8147714570497101e+10	   5.4773475654250725e+10	   5.2013254075037239e+10	
   4.9268607659261651e+07	   6.8575620499110100e+10	   6.3823697744291496e+10	   5.9865715514639664e+10	   5.6331087819576843e+10	   5.3330618581473572e+10	
   4.9553465429614328e+07	   6.8978976865821915e+10	   6.4241360913356689e+10	   6.0207459471595901e+10	   5.6576331724485054e+10	   5.3510951732412270e+10	
   4.9844366170569107e+07	   6.9425169450015930e+10	   6.4502940227958443e+10	   6.0279361731942207e+10	   5.6681056776839287e+10	   5.3272630091089806e+10	
   5.0130893311819896e+07	   6.4819737615603737e+10	   6.0405831174962273e+10	   5.6294016787648529e+10	   5.2599376835050186e+10	   4.9487638270522949e+10	
   5.0425714375944711e+07	   6.3616613796379044e+10	   5.8755760360484032e+10	   5.4600336507404793e+10	   5.1064777469074013e+10	   4.7744716629368530e+10	
   5.0715671396069281e+07	   6.2783058651485832e+10	   5.7944039862560951e+10	   5.3673289630827805e+10	   4.9978991643224907e+10	   4.6598661713985527e+10	
   5.1001696132348165e+07	   6.1748609653042801e+10	   5.6879065729789948e+10	   5.2662022015331192e+10	   4.8901837693943565e+10	   4.5590049630378464e+10	
   5.1298249940540701e+07	   6.9592615085247955e+10	   6.4337625830311493e+10	   5.9524718218670425e+10	   5.5534517190802025e+10	   5.1606834758970665e+10	
   5.1567105533405781e+07	   6.6260143722909340e+10	   6.0850432482748993e+10	   5.6178317041354309e+10	   5.2115481614131622e+10	   4.8240813310069412e+10	
   5.1860259333167702e+07	   6.3924456058895569e+10	   5.8571617485321877e+10	   5.3914020390118233e+10	   4.9784697679186699e+10	   4.6071302296898781e+10	
   5.2142693042530522e+07	   6.7008186694907272e+10	   6.1544478553442596e+10	   5.6667335733810425e+10	   5.2233484381886276e+10	   4.8485590566308685e+10	
   5.2435303209404945e+07	   6.1629850889145981e+10	   5.6478613939765511e+10	   5.1850768464102448e+10	   4.7761716008357422e+10	   4.4056353136244934e+10	
   5.2721157915919706e+07	   6.3861649021222824e+10	   5.8398510374269028e+10	   5.3403450487288010e+10	   4.9221706462535019e+10	   4.5310369188934654e+10	
   5.3009973001717605e+07	   6.0874817843214622e+10	   5.5616496242333527e+10	   5.1009925797824287e+10	   4.6843585766118019e+10	   4.3145667713718170e+10	
   5.3303852008605152e+07	   6.0959038577187325e+10	   5.5541898681220695e+10	   5.0731075443776497e+10	   4.6565820461906303e+10	   4.2720775211267097e+10	
   5.3596622268905751e+07	   6.3275523227343613e+10	   5.7770792203565125e+10	   5.2996061988465378e+10	   4.8560332352876984e+10	   4.4529870417030991e+10	
   5.3887049992107637e+07	   5.9280998776012489e+10	   5.3829363399700996e+10	   4.9025756251764481e+10	   4.4752682711517418e+10	   4.0906794433730606e+10	
   5.4177062206280075e+07	   5.7803876728358215e+10	   5.2566937893367111e+10	   4.7895350063170860e+10	   4.3665410696876701e+10	   3.9972495582841782e+10	
   5.4474553483037114e+07	   6.0212469228095322e+10	   5.4671294578661430e+10	   4.9712764780420410e+10	   4.5278490869084305e+10	   4.1275196529738358e+10	
   5.4768687398035392e+07	   5.5435423436004456e+10	   5.0275661816596733e+10	   4.5604948313783859e+10	   4.1596459798791351e+10	   3.7819779744204880e+10	
   5.5066321220508873e+07	   5.1498017796193413e+10	   4.6481642534781509e+10	   4.1931452776673996e+10	   3.8063874597390007e+10	   3.4504872920410934e+10	
   5.5364481262539648e+07	   4.8283260683825912e+10	   4.3902489603812584e+10	   3.9773872713999451e+10	   3.6363088201313881e+10	   3.3393515198927418e+10	
   5.5657415652983546e+07	   6.0147326207432724e+10	   5.4827233936552582e+10	   5.1148041042384117e+10	   4.8049523395894272e+10	   4.5092556664869377e+10	
   5.5954749744190954e+07	   5.7961656536537521e+10	   5.2924038746797592e+10	   4.9221514079367699e+10	   4.5775839560984634e+10	   4.2873085071616920e+10	
   5.6251718810178712e+07	   5.1485654255532890e+10	   4.7046004969215622e+10	   4.3396615050447067e+10	   4.0150578364950661e+10	   3.7653215965169632e+10	
   5.6550293762049466e+07	   6.1314868860556465e+10	   5.7081488241257530e+10	   5.2879793332256752e+10	   4.9695679789619087e+10	   4.6596772441455376e+10	
   0.0000000000000000e+00	   0.0000000000000000e+00	   0.0000000000000000e+00	   0.0000000000000000e+00	   0.0000000000000000e+00	   0.0000000000000000e+00	
