   3.1402089445708367e-02	   0.0000000000000000e+00	   0.0000000000000000e+00	   0.0000000000000000e+00	   0.0000000000000000e+00	   0.0000000000000000e+00	
   1.2185779330236619e+04	   0.0000000000000000e+00	   0.0000000000000000e+00	   0.0000000000000000e+00	   0.0000000000000000e+00	   0.0000000000000000e+00	
   1.8065540251357318e+05	   0.0000000000000000e+00	   0.0000000000000000e+00	   0.0000000000000000e+00	   0.0000000000000000e+00	   0.0000000000000000e+00	
   3.7206703829956794e+05	   0.0000000000000000e+00	   0.0000000000000000e+00	   0.0000000000000000e+00	   0.0000000000000000e+00	   0.0000000000000000e+00	
   6.0493784580011119e+05	   0.0000000000000000e+00	   0.0000000000000000e+00	   0.0000000000000000e+00	   0.0000000000000000e+00	   0.0000000000000000e+00	
   8.9168465179637645e+05	   0.0000000000000000e+00	   0.0000000000000000e+00	   0.0000000000000000e+00	   0.0000000000000000e+00	   0.0000000000000000e+00	
   1.1916846517963763e+06	   2.9716639063632607e+08	   2.8306164370240396e+08	   3.0711887132238179e+08	   3.5355219862490433e+08	   5.8801600736060607e+08	
   1.4916846517963763e+06	   7.0648737838010395e+08	   6.8659127481443083e+08	   6.3946662904333830e+08	   6.2497031460813761e+08	   6.1293635850974882e+08	
   1.7916846517963763e+06	   1.7670573466559398e+09	   1.8740541398104427e+09	   1.8441854376613548e+09	   1.8704694119984424e+09	   1.5427895784063840e+09	
   2.0912134517985829e+06	  -8.8980297192274818e+09	  -1.1893198730953873e+10	  -1.5506322353288254e+11	  -2.8774971640828260e+15	  -1.2156850357743298e+15	
   2.3912134517985834e+06	  -3.0626020451420070e+13	  -1.3197854395644463e+11	  -1.0830009037756038e+14	  -1.2456068462971647e+14	  -1.1035607241550366e+12	
   2.6912134517985834e+06	  -1.7937455429128706e+09	   3.5363135443190662e+06	   2.7601299207620505e+07	  -3.1111652467895290e+06	   4.3980082128674738e+07	
   2.9912134517985834e+06	   1.0527959224774532e+08	   1.0747769871101654e+08	   1.0984610111799048e+08	   1.1040642560576014e+08	   1.1236617247911017e+08	
   3.2912134517985834e+06	   1.0833006086647746e+08	   9.7245564196225017e+07	   9.2840152919108763e+07	   1.1080053002442090e+08	   2.3286820468506791e+07	
   3.5912134517985834e+06	   2.9621600808788568e+08	   3.0526305386250770e+08	   2.2998015118043900e+08	   2.0634676141837916e+08	   1.5717890147262231e+08	
   3.8912134517985834e+06	   5.4711510582056875e+09	   4.9525054600463037e+09	   9.0962885514916980e+08	   4.2412146498553839e+09	   8.8907843577389455e+08	
   4.1912134517985834e+06	   9.7604809841143441e+08	   4.4653791466275841e+08	   8.7797545517908561e+08	   7.9645540559398758e+08	   4.7356208688845587e+08	
   4.4910673771905936e+06	   9.1091800161033630e+08	   8.5678141621583128e+08	   9.4832371444041574e+08	   8.8616342499108219e+08	   8.4479329958061957e+08	
   4.6641556594787193e+06	   1.0074019046608499e+09	   1.4050299141658454e+09	   6.5582957765648198e+08	   1.0496064280379925e+09	   1.0867584664472659e+09	
   4.7496795739342691e+06	   8.0673662953038859e+08	   6.3967689117184687e+08	   6.3136968755817974e+08	   9.9350639789483166e+08	   8.2240188715846336e+08	
   4.8594370826616604e+06	   4.4377034791651338e+08	   4.4453843775841099e+08	   4.9600590172508323e+08	   8.2222267411054552e+08	   4.7767841261211509e+08	
   5.0009466140134418e+06	   5.3680654571481466e+08	   2.0941412160503644e+08	   2.1660049564771101e+08	   2.5832369420936704e+08	   1.6155940599266696e+08	
   5.2948219850679254e+06	   5.3098804845240504e+08	   8.5535437689438570e+08	   1.0104981470997235e+09	   3.9210342549092454e+08	   1.4456851678731472e+09	
   5.5948219850679254e+06	   4.9832298702676350e+08	   5.3359722576390392e+08	   4.6365372327871716e+08	   7.0417950994397557e+08	   4.0762724077228296e+08	
   5.8948219850679254e+06	   2.0109305933497283e+09	   8.8436233974569297e+08	   7.3206479092008030e+08	   7.0417480610244238e+08	   6.4718239007193589e+08	
   6.1948219850679254e+06	   1.1479930122108941e+09	   1.2580189389922945e+09	   8.6523099635360229e+08	   2.4991190957018824e+09	   1.3025980736970491e+09	
   6.4948219850679254e+06	   3.7114529931383142e+09	   8.1616608235305805e+09	   3.1769320289795213e+09	   3.3902660796263041e+09	   3.8545113940985775e+09	
   6.7948219850679254e+06	   2.3218545321824867e+10	   1.5021027445401611e+10	   1.6375527920437162e+10	   1.9834689947565899e+10	   2.5621081494836830e+10	
   7.0948219850679254e+06	   2.5980899234125156e+09	   5.0147118653757372e+09	   2.1594661875618234e+09	   2.3361864807115898e+09	   2.6542440212279410e+09	
   7.3948219850679254e+06	   7.6880275088407888e+09	   3.1393690226103158e+09	   2.5886474791592679e+09	   2.1025197361495843e+09	   3.4792789216759191e+09	
   7.6948219850679254e+06	   2.6671885594782534e+09	   2.6910914379630928e+09	   2.8848522454990010e+09	   4.0011999011426959e+09	   7.0269736835623531e+09	
   7.9948219850679254e+06	   6.4844561185749555e+08	   1.0381425208194034e+09	   1.4888480697367876e+09	   1.6612166455859158e+09	   2.6528454812372508e+09	
   8.2948219850679254e+06	   6.3291058829431796e+08	   6.2101567068793416e+08	   1.2249486370765231e+09	   1.1152836274437757e+09	   9.4511339062408245e+08	
   8.5948219850679245e+06	   1.0825727821083093e+09	   1.1264515114980707e+09	   1.4491959850157259e+09	   1.5692251146685584e+09	   2.0340193811721776e+09	
   8.8948219850679245e+06	   2.4232593824261785e+09	   2.7095863008222752e+09	   3.2516990713490500e+09	   4.1703899376787109e+09	   3.5872013992670870e+09	
   9.1948219850679245e+06	   6.6818058179505463e+09	   7.7025127109764433e+09	   7.1662278736260138e+09	   7.1828479478452806e+09	   6.0724449130761642e+09	
   9.4948219850679245e+06	   1.0057386167151636e+10	   6.3091876777570343e+09	   5.4909053843390837e+09	   4.8901377702728977e+09	   4.8834053929938650e+09	
   9.7948219850679245e+06	   1.5910593086300859e+09	   2.5952918214972529e+09	   2.2627273631014528e+09	   1.9558158441194460e+09	   1.9978815637210367e+09	
   1.0094821985067924e+07	   7.4195584864682150e+08	   1.0792817855712523e+09	   6.8484138565674710e+08	   8.2600563521267712e+08	   1.1467924472109747e+09	
   1.0394821985067924e+07	   6.2135486346455169e+08	   6.8785497854495883e+08	   6.1683014784877264e+08	   9.7163653078491044e+08	   1.0206418952424613e+09	
   1.0694821985067924e+07	   8.8463238482389486e+08	   1.1513615307969229e+09	   1.6845923509452369e+09	   2.0123339774105780e+09	   1.7603062336077268e+09	
   1.0994821985067924e+07	   2.1492757001174102e+09	   2.4875056142359867e+09	   3.4375485044439240e+09	   3.4836172844330044e+09	   3.7627820517773848e+09	
   1.1294821985067924e+07	   2.7795621638360343e+09	   2.4964375644172535e+09	   2.8528350417276802e+09	   2.6938585458443422e+09	   2.3696455185567513e+09	
   1.1594821985067924e+07	  -4.7857143692386932e+10	  -4.0426034827814156e+10	  -3.4026028455729084e+10	  -2.8606007360573334e+10	  -2.3687040627651066e+10	
   1.1894821985067924e+07	  -1.2956011758918268e+11	  -1.1404485191381755e+11	  -1.0066470308561690e+11	  -8.8599716569380463e+10	  -7.8152989147239746e+10	
   1.2194821985067924e+07	  -1.6039905211059552e+11	  -1.4099526175947424e+11	  -1.2448623641485419e+11	  -1.1072126023017122e+11	  -9.8249602735042450e+10	
   1.2494821985067924e+07	  -1.4976284109491299e+11	  -1.3244510471302333e+11	  -1.1794113638884474e+11	  -1.0430559939975195e+11	  -9.2665318105968567e+10	
   1.2794821985067924e+07	  -1.3818842192400366e+11	  -1.2155142762996001e+11	  -1.0748748407108153e+11	  -9.5662982773558456e+10	  -8.4191597530788895e+10	
   1.3094821985067924e+07	  -1.1341870703929716e+11	  -1.0023769667144591e+11	  -8.8290730556490036e+10	  -7.8266600360128891e+10	  -6.8221650988461449e+10	
   1.3394821985067924e+07	  -7.9320295360431412e+10	  -6.9655610030758575e+10	  -6.0580777712040565e+10	  -5.3001067257763069e+10	  -4.6185696121249374e+10	
   1.3694821985067924e+07	  -5.3431037662865707e+10	  -4.6194662741658020e+10	  -3.9444741505270805e+10	  -3.3922456581337002e+10	  -2.8977882849790737e+10	
   1.3994821985067924e+07	  -3.0800681995008457e+10	  -2.5959854172836750e+10	  -2.1381395379233784e+10	  -1.7570374967723049e+10	  -1.4139032085893528e+10	
   1.4294821985067924e+07	  -1.9240256767857075e+10	  -1.5883935218521578e+10	  -1.3620073876089581e+10	  -1.0937953968444271e+10	  -9.1517618282616825e+09	
   1.4545925377634192e+07	  -1.7733713926910050e+15	  -1.8033225432993022e+15	  -1.8358055619113360e+15	  -1.8682893428319070e+15	  -1.9000757487574682e+15	
   1.4832210288046878e+07	  -7.2228424285220838e+14	  -7.3444552602653038e+14	  -7.4674106521895450e+14	  -7.5865477027505475e+14	  -7.7089040124938588e+14	
   1.5132210288046878e+07	  -3.6865525573939975e+14	  -3.7535799272762431e+14	  -3.8138417615392325e+14	  -3.8750822957557712e+14	  -3.9402613148850775e+14	
   1.5432210288046878e+07	  -2.3967553649358344e+14	  -2.4385568387041434e+14	  -2.4779830620490469e+14	  -2.5176909418142975e+14	  -2.5559883541488534e+14	
   1.5732210288046878e+07	  -1.6142530785059406e+14	  -1.6415232232511166e+14	  -1.6684869676434447e+14	  -1.6956109200627753e+14	  -1.7229896044948225e+14	
   1.6032167106104378e+07	  -1.2023011640853609e+14	  -1.2214578372147283e+14	  -1.2403488390025986e+14	  -1.2596779515589930e+14	  -1.2785580415527673e+14	
   1.6332154216040062e+07	  -7.6579849696322672e+13	  -7.7669834336314234e+13	  -7.8767313879739219e+13	  -7.9882219632876625e+13	  -8.0986199712493469e+13	
   1.6631877450025951e+07	  -2.4567346233889801e+13	  -2.4892330908302754e+13	  -2.5208113962601094e+13	  -2.5541403214037906e+13	  -2.5929718473850996e+13	
   1.6931877450025950e+07	  -7.1453817478122754e+12	  -7.0853459279832617e+12	  -6.9885929761806768e+12	  -6.8649755199059521e+12	  -6.7212886346119297e+12	
   1.7231877450025950e+07	  -2.6945101614729825e+11	  -2.4174968240741360e+11	  -2.1698927215920197e+11	  -1.9385762731914932e+11	  -1.7497093912586810e+11	
   1.7531722533848070e+07	  -2.6183393446718793e+11	  -2.3477380670854617e+11	  -2.0967941452069992e+11	  -1.8900081195031384e+11	  -1.6952274091541992e+11	
   1.7831722533848070e+07	  -2.6176354368926245e+11	  -2.3292932192335172e+11	  -2.0975777224194409e+11	  -1.8749838242892221e+11	  -1.6876190148718045e+11	
   1.8131722533848070e+07	  -2.5780100718995523e+11	  -2.2928595819006577e+11	  -2.0626752138835233e+11	  -1.8499565257705341e+11	  -1.6630194728853464e+11	
   1.8431605444849633e+07	  -2.6110807402689926e+11	  -2.3228013817910349e+11	  -2.0857617461264310e+11	  -1.8713510158408740e+11	  -1.6818720024337939e+11	
   1.8731493414933588e+07	  -2.6631941061088742e+11	  -2.3834084187067960e+11	  -2.1303461517072568e+11	  -1.9184975584928586e+11	  -1.7192024190644623e+11	
   1.9030435241719000e+07	  -2.6623831614119168e+11	  -2.3885453027011356e+11	  -2.1422697872522644e+11	  -1.9200949755382043e+11	  -1.7321574094322128e+11	
   1.9329441185056690e+07	  -2.7825805985537567e+11	  -2.5062560814384540e+11	  -2.2275457039546820e+11	  -2.0039089991205515e+11	  -1.8060546886021536e+11	
   1.9627271141366258e+07	  -2.6473361496839203e+11	  -2.3443716551748840e+11	  -2.1118908043699796e+11	  -1.8952465717178796e+11	  -1.7099313265394666e+11	
   1.9925128920146830e+07	  -2.4435459272980328e+11	  -2.1873752050903683e+11	  -1.9699333045017813e+11	  -1.7594941022700012e+11	  -1.5947614864052991e+11	
   2.0221637834958922e+07	  -2.5134561875662845e+11	  -2.2546089000367447e+11	  -2.0141638893126700e+11	  -1.8100232602071365e+11	  -1.6395061420859689e+11	
   2.0520459919905007e+07	  -2.3916239086200107e+11	  -2.1429477799498773e+11	  -1.9234351651362527e+11	  -1.7277996995146515e+11	  -1.5472298646241736e+11	
   2.0815693511653405e+07	  -2.2361219808246573e+11	  -1.9893251868828549e+11	  -1.7926207607966949e+11	  -1.6051277579365616e+11	  -1.4431928843397845e+11	
   2.1102830181724079e+07	  -2.2112943928082413e+11	  -1.9925714846185428e+11	  -1.7744153240711313e+11	  -1.5963874150540384e+11	  -1.4380296480629684e+11	
   2.1389816735925287e+07	  -2.0930484704420911e+11	  -1.8619873664040182e+11	  -1.6773060812009122e+11	  -1.5102792677602029e+11	  -1.3451752594446619e+11	
   2.1684276877136532e+07	  -1.9884187465540991e+11	  -1.7759403511680261e+11	  -1.5908528584946933e+11	  -1.4290034180822519e+11	  -1.2807574311541470e+11	
   2.1974416534089074e+07	  -1.9483581452981882e+11	  -1.7239233824692688e+11	  -1.5494563011168549e+11	  -1.3895096928749924e+11	  -1.2430096451654523e+11	
   2.2266719680439021e+07	  -1.8731432146713763e+11	  -1.6762554993823080e+11	  -1.4897251518093130e+11	  -1.3390581761814819e+11	  -1.1995218930319911e+11	
   2.2556851450163580e+07	  -1.8361933539682285e+11	  -1.6452642203360550e+11	  -1.4755846581958072e+11	  -1.3154560881141528e+11	  -1.1852950319700887e+11	
   2.2846666832189497e+07	  -1.8270861224694376e+11	  -1.6371863943637729e+11	  -1.4589571251158078e+11	  -1.3012826988558269e+11	  -1.1851485401699268e+11	
   2.3124778398368970e+07	  -1.8414242292749805e+11	  -1.6394216993598981e+11	  -1.4704028346326306e+11	  -1.3081000818251712e+11	  -1.1781053775246497e+11	
   2.3414141340421397e+07	  -1.7966175763677115e+11	  -1.6083032902036734e+11	  -1.4451128988784885e+11	  -1.2821520396359052e+11	  -1.1574760407156911e+11	
   2.3699392776702087e+07	  -1.8489074534941721e+11	  -1.6506428045593152e+11	  -1.4804585084543643e+11	  -1.3231315721382402e+11	  -1.1883293153061084e+11	
   2.3957858082114343e+07	  -1.7244350604008646e+11	  -1.5522701955477451e+11	  -1.3836667280285669e+11	  -1.2351396947347127e+11	  -1.1167223901222566e+11	
   2.4220100693330549e+07	  -1.7878116101099142e+11	  -1.5869607596090918e+11	  -1.4188657395520932e+11	  -1.2691167989297134e+11	  -1.1388872394367667e+11	
   2.4464290852688935e+07	  -1.7230474694520444e+11	  -1.5456627136662250e+11	  -1.3770759309594608e+11	  -1.2371469816358717e+11	  -1.1136959504130534e+11	
   2.4699169576331161e+07	  -1.7177116561765616e+11	  -1.5295674163516113e+11	  -1.3742501261320769e+11	  -1.2283314769438092e+11	  -1.0995968251014395e+11	
   2.4926757018106595e+07	  -1.6881199671481000e+11	  -1.5124476227672174e+11	  -1.3502515075652458e+11	  -1.2049592830415509e+11	  -1.0856264581996765e+11	
   2.5149920030863974e+07	  -1.7223492659033182e+11	  -1.5262661205251245e+11	  -1.3610866639640384e+11	  -1.2247951094930434e+11	  -1.0934229829617520e+11	
   2.5367421517546680e+07	  -1.6511759535335596e+11	  -1.4678692168424054e+11	  -1.3174553242856419e+11	  -1.1817029739912578e+11	  -1.0571981535925729e+11	
   2.5586364046822172e+07	  -1.7017693154301334e+11	  -1.5227308150597031e+11	  -1.3606279962941179e+11	  -1.2143031230565701e+11	  -1.0877462423659087e+11	
   2.5811718014913071e+07	  -1.6308333040211938e+11	  -1.4465902521614719e+11	  -1.3047130823229680e+11	  -1.1663678594436026e+11	  -1.0398715476089839e+11	
   2.6058695742397822e+07	  -1.5814925113089258e+11	  -1.3976505261053809e+11	  -1.2581035040882526e+11	  -1.1277320443311900e+11	  -1.0057428283586050e+11	
   2.6342069845365696e+07	  -1.5285519153359384e+11	  -1.3570358725332422e+11	  -1.2178094880155066e+11	  -1.0882083619115121e+11	  -9.7176377861294266e+10	
   2.6617657052026790e+07	  -1.4376376334697202e+11	  -1.2822517424840013e+11	  -1.1446656843686194e+11	  -1.0228811312657451e+11	  -9.1533194727585739e+10	
   2.6878444599241838e+07	  -1.3470100200767601e+11	  -1.1941042619063716e+11	  -1.0659806322479257e+11	  -9.5420664699585678e+10	  -8.4897544949065155e+10	
   2.7163699520483676e+07	  -1.2510693284996581e+11	  -1.1081155341894572e+11	  -9.8935563211131165e+10	  -8.8274833905089844e+10	  -7.8459664606639725e+10	
   2.7456979007161509e+07	  -1.1417632289603938e+11	  -1.0167546925161581e+11	  -8.9967785828746078e+10	  -8.0204386085994217e+10	  -7.1120703356734161e+10	
   2.7742592256083943e+07	  -1.0798676365678566e+11	  -9.5551556405086411e+10	  -8.4203983144269379e+10	  -7.5575715234503067e+10	  -6.6665914835874695e+10	
   2.8031931394449685e+07	  -1.0336940374277538e+11	  -9.1181649123315704e+10	  -8.0610437209258011e+10	  -7.1499421225362839e+10	  -6.3517477709980377e+10	
   2.8326947785841823e+07	  -9.3590796463635315e+10	  -8.2872415468643616e+10	  -7.3154688515519409e+10	  -6.4596224939752625e+10	  -5.7125891926017044e+10	
   2.8615515407148972e+07	  -8.7173669962207001e+10	  -7.6574362795546967e+10	  -6.7354137303518082e+10	  -5.9618258541889366e+10	  -5.2258929750210579e+10	
   2.8904302394772969e+07	  -7.9279521433328613e+10	  -6.9877541989167526e+10	  -6.1241927528168488e+10	  -5.3803820312920944e+10	  -4.7097000538535851e+10	
   2.9192078526084863e+07	  -6.8924173976468460e+10	  -5.9868877023996391e+10	  -5.2538108523816620e+10	  -4.6004587649078430e+10	  -4.0021360789321594e+10	
   2.9468637865883056e+07	  -6.0941301523476395e+10	  -5.2864572064789513e+10	  -4.6263741579652359e+10	  -4.0172081004419189e+10	  -3.4598733337215240e+10	
   2.9745966286262155e+07	  -5.2104740734982536e+10	  -4.4927688818180916e+10	  -3.8983333615298874e+10	  -3.3498579543893829e+10	  -2.8397195210363197e+10	
   3.0019388745956425e+07	  -4.7618618255605225e+10	  -4.1030919806072311e+10	  -3.5188394402009109e+10	  -3.0197550097887001e+10	  -2.5498679322032391e+10	
   3.0311782605603833e+07	  -4.6008276622373047e+10	  -3.9535859210647095e+10	  -3.3775214901863766e+10	  -2.8945431583818222e+10	  -2.4469619131078289e+10	
   3.0598671006765503e+07	  -3.8259032198147308e+10	  -3.2373480309252651e+10	  -2.7479115921570854e+10	  -2.3105043131656178e+10	  -1.9174690351860004e+10	
   3.0890142554539040e+07	  -3.2612732897811268e+10	  -2.7258382034328190e+10	  -2.2941540638581955e+10	  -1.8843362398477516e+10	  -1.5287868286850824e+10	
   3.1184037326205224e+07	  -2.7320955412905781e+10	  -2.3283065354091061e+10	  -1.9391733864997330e+10	  -1.6196973425445572e+10	  -1.3447526181407854e+10	
   3.1474446817097358e+07	  -2.4971723066836216e+10	  -2.1059838442153744e+10	  -1.7488337512919033e+10	  -1.4757783552770515e+10	  -1.2339080592962172e+10	
   3.1769264896309551e+07	  -2.3941464861577667e+10	  -2.0239150413903137e+10	  -1.6564701227923761e+10	  -1.3796950008159161e+10	  -1.1346716533806461e+10	
   3.2058165848482288e+07	  -2.0257399755845261e+10	  -1.7029551774388838e+10	  -1.3923937857838272e+10	  -1.1473692483579315e+10	  -9.4296216007387562e+09	
   3.2349368592144169e+07	  -1.9502369604721241e+10	  -1.6315445573940977e+10	  -1.3306534069209114e+10	  -1.0911126006548120e+10	  -8.8997758168747768e+09	
   3.2643453439522285e+07	  -1.7412892789146332e+10	  -1.4525815029970392e+10	  -1.1680934717598667e+10	  -9.5232580953694763e+09	  -7.6166306737471447e+09	
   3.2938476702541698e+07	  -1.0764947102603834e+10	  -8.6431567845898781e+09	  -6.6755607445481482e+09	  -5.1236606487114840e+09	  -3.7463129111235681e+09	
   3.3235437775536194e+07	  -9.5798340154127617e+09	  -7.6140344309576359e+09	  -5.7515283506325397e+09	  -4.2759071902017398e+09	  -3.0204918988301735e+09	
   3.3524105003575262e+07	  -7.9772794755450306e+09	  -6.1888585286583729e+09	  -4.5400760158635712e+09	  -3.2461966841694884e+09	  -2.0911442869512551e+09	
   3.3817986977297314e+07	  -5.3499796946782026e+09	  -3.9536774535438871e+09	  -2.6473380317362542e+09	  -1.5781973274012916e+09	  -6.2700616646035874e+08	
   3.4105669326125860e+07	  -2.2098055710441647e+09	  -1.1806918821489041e+09	  -3.0544672117190671e+08	   4.4537772862035424e+08	   6.5307854361575317e+08	
   3.4404164422182821e+07	  -1.3565264239578192e+09	  -4.6101136039437872e+08	   3.0311404115540421e+08	   6.6257607160317922e+08	   6.4435140222604787e+08	
   3.4696796805827729e+07	   2.0490260621536544e+08	   7.1413334465306699e+08	   6.9779734672164285e+08	   7.8090452919436312e+08	   6.9021486392303228e+08	
   3.4990298913708963e+07	   7.5715236258734500e+08	   7.2244364181257796e+08	   6.7978287503397214e+08	   7.3922829222266889e+08	   6.9284095392284858e+08	
   3.5282436634821974e+07	   7.5280161463198435e+08	   8.2208521264058816e+08	   8.1146873976243198e+08	   7.2956910242451942e+08	   7.4636831792732549e+08	
   3.5579009174341783e+07	   7.5677247906703007e+08	   7.2083847514529896e+08	   7.4054839122951210e+08	   7.4574200162394929e+08	   7.2502873693399930e+08	
   3.5872728404661454e+07	   7.5293287340652347e+08	   7.2724050489455950e+08	   7.2959551938829124e+08	   7.1715015937584579e+08	   7.5570228429863918e+08	
   3.6162767406234093e+07	   8.6247250782495987e+08	   8.1670985525005758e+08	   8.5467167704142439e+08	   7.6355995546026051e+08	   7.2802029963884532e+08	
   3.6449674442886196e+07	   5.9360215374194932e+08	   6.2929480873801446e+08	   6.3198986930300713e+08	   6.8792866795301521e+08	   6.1202387134377813e+08	
   3.6747292355615839e+07	   9.2192114264878285e+08	   8.3737531614592779e+08	   7.0967103356813192e+08	   7.5245143919253457e+08	   7.7592284304479289e+08	
   3.7041867027809888e+07	   8.2964478215831876e+08	   7.5708813443194818e+08	   7.2597011152722061e+08	   7.0095050784384191e+08	   6.9148169328317833e+08	
   3.7328644945548654e+07	   7.6318774135852253e+08	   6.7604237702134478e+08	   6.6255112420276773e+08	   7.1415612577486837e+08	   6.9372138078933024e+08	
   3.7615715446739681e+07	   8.1713839128298020e+08	   7.4858530471527350e+08	   6.7175090103010190e+08	   6.8996353734253931e+08	   6.3297680870759225e+08	
   3.7905733099563181e+07	   8.7661415160535836e+08	   8.0970398483382094e+08	   7.4770927057654130e+08	   7.5143833387071383e+08	   6.9424642348961532e+08	
   3.8193163565754749e+07	   6.8824463259447694e+08	   6.8598863459673369e+08	   6.6034585260227120e+08	   6.6028784226389313e+08	   5.5092369764296734e+08	
   3.8484411264851168e+07	   6.7415899318314552e+08	   6.9917897315869451e+08	   6.3638013637656248e+08	   6.7481554377813029e+08	   6.0796650619930112e+08	
   3.8779823007916883e+07	   6.2930309779477370e+08	   6.3117254072558796e+08	   6.3923769848997712e+08	   6.2914504992746270e+08	   5.8827382680539083e+08	
   3.9072488446556307e+07	   7.6638620042824507e+08	   7.7878404796861434e+08	   7.6006466688563609e+08	   7.5154216885139728e+08	   6.9080872917184043e+08	
   3.9360371931799799e+07	   6.8791428203824329e+08	   7.0453070392693281e+08	   6.5893093885245788e+08	   7.2974810876584220e+08	   6.4513137630447924e+08	
   3.9651401337017402e+07	   6.0430955645850909e+08	   6.7352956327824545e+08	   5.6103436841605544e+08	   6.3238658202453804e+08	   5.7497267669878101e+08	
   3.9949147848280475e+07	   6.6186830712669742e+08	   7.1133966976130390e+08	   6.3877078074315882e+08	   7.6389148473724639e+08	   6.8557256706574237e+08	
   4.0236340760143951e+07	   6.5516795058658862e+08	   7.0642873755917740e+08	   6.4784504719849908e+08	   6.5896098249920261e+08	   5.9524694765659106e+08	
   4.0528487566014066e+07	   6.6819454064399767e+08	   6.1623728578456378e+08	   5.5684890054107857e+08	   6.0088100490526700e+08	   6.3025142726108766e+08	
   4.0826157803100199e+07	   7.0200197322270608e+08	   6.7001839485425270e+08	   6.3962031070863771e+08	   7.6063611060100305e+08	   6.2201994417118680e+08	
   4.1123218009439774e+07	   6.4752885736967528e+08	   7.3227997702553535e+08	   6.6214072622282600e+08	   7.0108807717091656e+08	   6.3533457111510897e+08	
   4.1418775837524839e+07	   6.1239980522041047e+08	   6.5131765101484954e+08	   6.2103343678369832e+08	   6.9584297882137811e+08	   6.4393070414957321e+08	
   4.1714349902624995e+07	   5.8090941663620257e+08	   6.3007471444022882e+08	   6.4700360468829954e+08	   7.2988970470001161e+08	   6.4362313924762797e+08	
   4.2004431067500152e+07	   6.1073706534943342e+08	   6.3973605520042968e+08	   6.1187179568173480e+08	   6.3819983982287216e+08	   5.7184187295886159e+08	
   4.2300146679852068e+07	   6.2418323576660538e+08	   6.6266086572824633e+08	   5.9871878075919938e+08	   5.8077235085668659e+08	   6.2975360601707411e+08	
   4.2595850160117477e+07	   6.4866934698397362e+08	   6.4777545917123425e+08	   6.1339835413485026e+08	   6.3832476351329255e+08	   6.4242344405944908e+08	
   4.2890640053610846e+07	   7.1138153305900359e+08	   6.4519733147288108e+08	   6.5230856578286529e+08	   5.9694246765411913e+08	   6.3748147696886432e+08	
   4.3175523157529160e+07	   6.1669266227376318e+08	   5.9777883524024355e+08	   6.3905464329181218e+08	   5.7581532205792832e+08	   6.4796920605525219e+08	
   4.3465096564929180e+07	   5.2856022606634325e+08	   5.4417878956350482e+08	   6.1089783239901352e+08	   5.6352890686870885e+08	   5.3523518305189770e+08	
   4.3760784981882147e+07	   6.0655511855758309e+08	   5.7152558565517461e+08	   5.9423166088244927e+08	   5.6039178978062952e+08	   5.8236280422766101e+08	
   4.4051211942247942e+07	   6.7773793083478105e+08	   6.7947723187163866e+08	   6.4136101587356806e+08	   7.0309608013393235e+08	   6.5456356746361089e+08	
   4.4347209454317100e+07	   6.5855089542051840e+08	   6.6453388240088737e+08	   5.9614059660438490e+08	   6.2630020804128385e+08	   6.5301975003190410e+08	
   4.4639283586472146e+07	   5.9777215186403942e+08	   5.6765546706967628e+08	   5.3023873236972964e+08	   6.1474007709186530e+08	   6.2986209400372672e+08	
   4.4921188252252340e+07	   6.1415604342158568e+08	   6.6064411026441610e+08	   5.2041345895473373e+08	   5.3881284557395279e+08	   5.6788329183477330e+08	
   4.5213277948250547e+07	   6.6257302817330909e+08	   6.7475956717016578e+08	   6.3102094083980322e+08	   5.7380910290089083e+08	   6.8843131930154812e+08	
   4.5501577432833210e+07	   7.0691200053879666e+08	   7.2119750255124998e+08	   6.8202488098609793e+08	   6.3399802960708618e+08	   6.7227094170304632e+08	
   4.5791790969391085e+07	   6.7422151511068285e+08	   6.8942790692649412e+08	   7.3071434130884123e+08	   6.4298097395284402e+08	   6.0536836917496288e+08	
   4.6082540544501297e+07	   5.8959371516888785e+08	   6.3184575050373363e+08	   6.7338126587547016e+08	   5.8398639663478613e+08	   5.5857722192745781e+08	
   4.6377243752243303e+07	   7.3754898638716328e+08	   6.4745493903179252e+08	   6.3260602749408484e+08	   7.5997551487742114e+08	   6.2773560392177665e+08	
   4.6660622335961528e+07	   7.3612329864287722e+08	   6.2987583271937394e+08	   6.5760895369872904e+08	   7.1108884884350622e+08	   6.6081227762603164e+08	
   4.6951000387859292e+07	   7.3443096486925197e+08	   6.1818488258047652e+08	   6.2043272489199269e+08	   6.5239002768810129e+08	   7.4086707614364183e+08	
   4.7242970796839580e+07	   7.2677352798447311e+08	   7.5807202599704456e+08	   6.7580505828230906e+08	   6.3434100080082369e+08	   7.0842973276036644e+08	
   4.7531258431688547e+07	   6.9679162565969491e+08	   7.5560823033832955e+08	   6.3998106548477030e+08	   6.3857339678710628e+08	   6.8259230529554188e+08	
   4.7823074202478811e+07	   7.5618855786286664e+08	   6.9695588429706705e+08	   6.6402053365449429e+08	   6.4798416382320940e+08	   6.5983925926379204e+08	
   4.8114228709971152e+07	   7.0562303155111539e+08	   7.6343305440066338e+08	   6.6533721700722313e+08	   6.2323404978556466e+08	   6.6090228083181584e+08	
   4.8406463755665466e+07	   7.8969552380112350e+08	   8.2547988265276587e+08	   7.0602054196781290e+08	   7.1076422331747198e+08	   6.6788801354315948e+08	
   4.8702839351678796e+07	   8.3045621156062233e+08	   8.4393229560604668e+08	   7.8562797334896576e+08	   7.4648987888797641e+08	   6.9071795628859162e+08	
   4.8994705877292022e+07	   6.0576515356683135e+08	   8.2226858593338382e+08	   7.7583820316653156e+08	   6.4610540646576107e+08	   5.8862819893735504e+08	
   4.9268607659261651e+07	   7.1606104232978904e+08	   7.2898165653894532e+08	   7.3952236199851024e+08	   6.3931612118808675e+08	   6.5542772581213176e+08	
   4.9553465429614328e+07	   8.5967214028338027e+08	   8.7461140624135542e+08	   7.3859683275656128e+08	   6.9154894495289016e+08	   6.2781596957399249e+08	
   4.9844366170569107e+07	   8.2561153459953928e+08	   8.4465918245577538e+08	   7.4136052634926379e+08	   6.2353304151549423e+08	   6.1937199149674594e+08	
   5.0130893311819896e+07	   7.5672669051168370e+08	   6.2757173598464310e+08	   6.2475512435908675e+08	   5.6888061234111488e+08	   6.2370855513602495e+08	
   5.0425714375944711e+07	   6.2333447802035594e+08	   5.7614623231454813e+08	   5.9786069507137918e+08	   6.4172238625933802e+08	   6.4347975889642656e+08	
   5.0715671396069281e+07	   5.7741354596133459e+08	   5.7354343406807959e+08	   6.0069461679721725e+08	   6.7695730666638100e+08	  -4.7808284424900331e+09	
   5.1001696132348165e+07	   5.7399952904343295e+08	   6.4816769193089116e+08	  -3.7589094921124172e+09	  -9.6951446394794865e+09	  -1.5140945327054260e+10	
   5.1298249940540701e+07	   6.9661076221109164e+08	   7.5437547608871162e+08	   7.9465901294209516e+08	   6.8352590964204419e+08	   6.4972256600664461e+08	
   5.1567105533405781e+07	   6.9795847729513419e+08	   6.4682473093839109e+08	   5.8302920706805813e+08	   6.0427773761967123e+08	   6.0473531208901370e+08	
   5.1860259333167702e+07	   5.8721923285422301e+08	   5.5800457561894011e+08	  -1.9711649134050112e+09	  -9.1559846556611214e+09	  -1.5616334281426275e+10	
   5.2142693042530522e+07	   6.4086266548118246e+08	   6.9454185074559748e+08	   6.7829057449789798e+08	   6.2707954293667531e+08	   6.1054699737200701e+08	
   5.2435303209404945e+07	   6.4135244138440299e+08	  -4.9316504886649017e+09	  -1.2223263746797541e+10	  -1.9069636272066204e+10	  -2.5220772814920940e+10	
   5.2721157915919706e+07	   6.0227331484974039e+08	   5.9390677143889165e+08	   5.9419707479728723e+08	  -4.2346848496329575e+09	  -1.2040846046299015e+10	
   5.3009973001717605e+07	   7.5581144573696959e+08	   6.5609473502867496e+08	  -5.6100259221406212e+09	  -1.8804971063924816e+10	  -3.0622642015781334e+10	
   5.3303852008605152e+07	   5.6632751653311789e+08	  -4.7222847781881571e+09	  -1.8285074428199486e+10	  -3.0672775636650826e+10	  -4.1695554864431107e+10	
   5.3596622268905751e+07	   7.0724123299459314e+08	   7.0580981199935937e+08	   6.7909248021313727e+08	   5.2713120534575278e+08	  -1.0553887921437363e+10	
   5.3887049992107637e+07	  -1.4379965011125160e+10	  -2.7189327787839706e+10	  -3.8890537352175095e+10	  -4.9443420767235153e+10	  -5.8891075903117714e+10	
   5.4177062206280075e+07	  -6.8601661436374731e+09	  -2.0522755338718208e+10	  -3.3069375477273151e+10	  -4.4150917443507530e+10	  -5.4317957395825127e+10	
   5.4474553483037114e+07	   5.7971850269714868e+08	  -4.2296176471944056e+09	  -1.8375976371770988e+10	  -3.0860489404579838e+10	  -4.2332651855953674e+10	
   5.4768687398035392e+07	  -2.3375275646882523e+10	  -3.5422678415048492e+10	  -4.6732364079736534e+10	  -5.6417247976713890e+10	  -6.5483461000570328e+10	
   5.5066321220508873e+07	  -8.5873989457049133e+10	  -9.1507722167333740e+10	  -9.7525929616136047e+10	  -1.0231930895410902e+11	  -1.0682240663903455e+11	
   5.5364481262539648e+07	  -8.5832520925200577e+10	  -9.0859825557812317e+10	  -9.6433904515477722e+10	  -1.0084297205387933e+11	  -1.0496866441824710e+11	
   5.5657415652983546e+07	   5.6379067121203125e+08	   5.1430501869162542e+08	   5.0087775524381161e+08	   5.1683647738769716e+08	  -3.1322643794513793e+09	
   5.5954749744190954e+07	   5.1732693558521932e+08	   4.5460425437978816e+08	   4.1361210501901305e+08	   4.0933014721521151e+08	  -7.1890410530450220e+09	
   5.6251718810178712e+07	  -2.8383072700464443e+10	  -3.6194809645891457e+10	  -4.3044959811230080e+10	  -4.9644842580745834e+10	  -5.5490219593716942e+10	
   5.6550293762049466e+07	   6.2791681443230152e+08	   6.4821074959295177e+08	   5.3769018634928441e+08	   4.7503197711109030e+08	   4.1926685430015844e+08	
   0.0000000000000000e+00	   0.0000000000000000e+00	   0.0000000000000000e+00	   0.0000000000000000e+00	   0.0000000000000000e+00	   0.0000000000000000e+00	
