   3.1402089445708367e-02	   0.0000000000000000e+00	   0.0000000000000000e+00	   0.0000000000000000e+00	   0.0000000000000000e+00	   0.0000000000000000e+00	
   1.2185779330236619e+04	   0.0000000000000000e+00	   0.0000000000000000e+00	   0.0000000000000000e+00	   0.0000000000000000e+00	   0.0000000000000000e+00	
   1.8065540251357318e+05	   0.0000000000000000e+00	   0.0000000000000000e+00	   0.0000000000000000e+00	   0.0000000000000000e+00	   0.0000000000000000e+00	
   3.7206703829956794e+05	   0.0000000000000000e+00	   0.0000000000000000e+00	   0.0000000000000000e+00	   0.0000000000000000e+00	   0.0000000000000000e+00	
   6.0493784580011119e+05	   0.0000000000000000e+00	   0.0000000000000000e+00	   0.0000000000000000e+00	   0.0000000000000000e+00	   0.0000000000000000e+00	
   8.9168465179637645e+05	   0.0000000000000000e+00	   0.0000000000000000e+00	   0.0000000000000000e+00	   0.0000000000000000e+00	   0.0000000000000000e+00	
   1.1916846517963763e+06	   5.1618474999792178e+12	   4.0647178361407803e+12	   3.5028823714528706e+12	   2.9906951480280493e+12	   2.5324558410939902e+12	
   1.4916846517963763e+06	   3.9985080721310695e+13	   3.0556042275962418e+13	   2.4485593646015062e+13	   2.7182333346779535e+13	   1.4409625954916447e+13	
   1.7916846517963763e+06	   3.7138977011829455e+15	   2.9902698691583540e+15	   2.3109703251097810e+15	   1.4737816315442568e+15	   1.5274764888890155e+15	
   2.0912134517985829e+06	   1.3903178267521028e+15	   1.4137973804404570e+15	   1.4358746700269698e+15	   1.4611706587131330e+15	   1.4830512188075342e+15	
   2.3912134517985834e+06	   1.5709325286216892e+15	   1.5983781593885360e+15	   1.6070209301344168e+15	   1.6291711298808282e+15	   1.6440747099032882e+15	
   2.6912134517985834e+06	   1.4221426911847918e+15	   1.4404596514918078e+15	   1.4576871166125365e+15	   1.4767569613754998e+15	   1.4930029344532552e+15	
   2.9912134517985834e+06	   1.0712149182748492e+15	   1.0872712353006294e+15	   1.1016920992893645e+15	   1.1183997469245628e+15	   1.1316720136967575e+15	
   3.2912134517985834e+06	   1.1151731264492795e+15	   1.1331558919689285e+15	   1.1506825085524422e+15	   1.1655817850167202e+15	   1.1817367426409868e+15	
   3.5912134517985834e+06	   1.4398890409400090e+15	   1.4751087895009898e+15	   1.4859321433341142e+15	   1.4958532882900328e+15	   1.5075529394291958e+15	
   3.8912134517985834e+06	   1.6284290483883850e+15	   1.6547635308996418e+15	   1.6753602647330422e+15	   1.6970959548907452e+15	   1.7153254668523400e+15	
   4.1912134517985834e+06	   1.9263318580177562e+15	   1.9568527031802888e+15	   1.9879267693857330e+15	   2.0189627280585355e+15	   2.0496206736114548e+15	
   4.4910673771905936e+06	   2.2645278990937140e+15	   2.3072897816150780e+15	   2.3510284083497215e+15	   2.3948665089202670e+15	   2.4375495243755840e+15	
   4.6641556594787193e+06	   1.5418309205617382e+16	   2.0268497211550428e+16	   2.3568799516424136e+16	   1.4227415678399762e+16	   8.4002986071830230e+15	
   4.7496795739342691e+06	   2.7539761948163328e+16	   2.7140482899380560e+16	   2.6349862104757408e+16	   1.9864644987138052e+16	   2.3165676626323884e+16	
   4.8594370826616604e+06	   1.9081927514830708e+16	   1.9195900176111968e+16	   1.9307975825931276e+16	   1.9420603280722748e+16	   1.9555499985936148e+16	
   5.0009466140134418e+06	   1.1910773884350390e+16	   1.1902839683997438e+16	   1.1904797976653844e+16	   1.1915950561539068e+16	   1.1906184993649368e+16	
   5.2948219850679254e+06	   6.4482392753173540e+15	   6.4427884181709710e+15	   6.4388787980132420e+15	   6.4338901013761030e+15	   6.4231620203832980e+15	
   5.5948219850679254e+06	   5.6790461437778990e+15	   5.6877151204064120e+15	   5.7097525258729370e+15	   5.7186700121091870e+15	   5.7167076229521660e+15	
   5.8948219850679254e+06	   4.8193752566266670e+15	   4.8619965430174240e+15	   4.8835714075529080e+15	   4.9254956468197260e+15	   4.9280298816292200e+15	
   6.1948219850679254e+06	   4.2227344374501895e+15	   4.2811130494373495e+15	   4.3136686649788460e+15	   4.3626265782556715e+15	   4.4122151353686220e+15	
   6.4948219850679254e+06	   3.7772186048282245e+15	   3.8128364015229530e+15	   3.8615652676115015e+15	   3.9227669126918660e+15	   3.9687261724982510e+15	
   6.7948219850679254e+06	   3.5421545984177445e+15	   3.5905800104798725e+15	   3.6332606303163420e+15	   3.6980750659332425e+15	   3.7448176699654855e+15	
   7.0948219850679254e+06	   3.3561546932305520e+15	   3.4583066969619650e+15	   3.4938759227358060e+15	   3.5331335764314325e+15	   3.5674630654060245e+15	
   7.3948219850679254e+06	   3.3641869135081325e+15	   3.4364560204879360e+15	   3.4910715823206690e+15	   3.5264370683074420e+15	   3.5758065059658775e+15	
   7.6948219850679254e+06	   3.5136122137228245e+15	   3.5576790872605080e+15	   3.5908136543634055e+15	   3.6379165664215485e+15	   3.6744747785353850e+15	
   7.9948219850679254e+06	   3.7831188572114015e+15	   3.8149953243634880e+15	   3.8450291344172450e+15	   3.8812710070463530e+15	   3.9216263568346100e+15	
   8.2948219850679254e+06	   3.4479266363225355e+15	   3.9830524317823455e+15	   4.0802737888828445e+15	   4.0912746714809755e+15	   4.1100927911984370e+15	
   8.5948219850679245e+06	   3.5539892739957550e+15	   3.4269670742609270e+15	   3.9270807178724830e+15	   4.2572233070516020e+15	   4.2673203404402460e+15	
   8.8948219850679245e+06	   2.0350784014152355e+15	   3.1715159284693245e+15	   2.6137070571326575e+15	   3.8799903824056725e+15	   3.5463230207088640e+15	
   9.1948219850679245e+06	   1.0985943840445365e+15	   2.2690865205619320e+15	   3.9432075363347705e+15	   4.2602493708094135e+15	   3.0902733428438655e+15	
   9.4948219850679245e+06	   1.5837130660101990e+15	   1.7415024360083875e+15	   2.1102700820382650e+15	   4.5402896044961920e+15	   3.8226603262740635e+15	
   9.7948219850679245e+06	   3.1479087223746470e+15	   2.9681541799289600e+15	   2.4539797286924140e+15	   4.0636614666026775e+15	   2.9090959028348265e+15	
   1.0094821985067924e+07	   4.1382559288618995e+15	   3.8471907753181095e+15	   3.9294318405378050e+15	   3.4570856896238305e+15	   2.8761174754576460e+15	
   1.0394821985067924e+07	   3.1366545352805955e+15	   3.3047854321111135e+15	   2.8752110815600170e+15	   4.3388516998992265e+15	   3.3574979983335490e+15	
   1.0694821985067924e+07	   4.5541917136780800e+15	   4.9809313405479160e+15	   4.8719003791750280e+15	   5.0801012435436900e+15	   4.6743425280232700e+15	
   1.0994821985067924e+07	   5.5403542234004270e+15	   5.5993503135880070e+15	   4.9760295254393130e+15	   5.1917425966930130e+15	   5.5067595398707820e+15	
   1.1294821985067924e+07	   6.4491100544621740e+15	   6.4323989047513550e+15	   6.3945681114586520e+15	   6.3973413556956990e+15	   6.3802149486906540e+15	
   1.1594821985067924e+07	   8.2779397753264030e+15	   8.2953179031681640e+15	   8.2573687929795340e+15	   8.1548405964294140e+15	   8.0376635113094320e+15	
   1.1894821985067924e+07	   9.1415026879977040e+15	   8.1877264589729530e+15	   7.8906879611001170e+15	   8.9066893050901330e+15	   7.7338639108754290e+15	
   1.2194821985067924e+07	   3.4684684191438455e+15	   4.8513388498491340e+15	   6.1249130842056550e+15	   7.7923783312140840e+15	   5.8895816693373290e+15	
   1.2494821985067924e+07	   2.5156711140528195e+15	   1.9012636586107528e+15	   3.7995574320630825e+15	   3.6280151214506035e+15	   3.3549585382709235e+15	
   1.2794821985067924e+07	   7.3692546834475100e+14	   1.7388514529392395e+15	   2.5691721372138325e+15	   1.4527651490922828e+15	   1.1585389340391858e+15	
   1.3094821985067924e+07	   1.2242857883487158e+15	   1.7185748967204368e+15	   5.8688264117378588e+14	   6.7046079263788188e+14	   1.0582271557263265e+15	
   1.3394821985067924e+07	   6.0804419877643712e+14	   7.2482949311483562e+14	   1.0103068013256736e+15	   7.4216364440454012e+14	   5.0593621355519594e+14	
   1.3694821985067924e+07	   1.5325958815394840e+15	   6.3261745114287788e+14	   8.9644333096333038e+14	   1.0277871583279719e+15	   9.9184001073000975e+14	
   1.3994821985067924e+07	   5.8054915718017488e+14	   5.3764535390351188e+14	   5.9390701602848250e+14	   9.8200161665511675e+14	   1.4957099208412438e+15	
   1.4294821985067924e+07	   3.3371987335595431e+14	   1.0565386783163962e+14	   9.5937338988424031e+13	   5.7658248231398738e+14	   1.6738774059578469e+14	
   1.4545925377634192e+07	  -9.4990644368288803e+08	  -9.5216511167452347e+08	  -9.1119722339426684e+08	  -1.0882487397363465e+09	  -1.1649712118983307e+09	
   1.4832210288046878e+07	  -7.0850901018459272e+08	  -8.6364664773850226e+08	  -6.1301991635742235e+08	  -5.3667884956290549e+08	  -4.0468473404932272e+08	
   1.5132210288046878e+07	   5.3278007786357431e+09	   4.9958920539396572e+09	   4.5047125153783789e+09	   4.0196382624805522e+09	   3.1128295538043818e+09	
   1.5432210288046878e+07	   2.0744792590512776e+08	   7.7753364948776257e+08	   9.1350356408966267e+08	   9.1624892910277426e+08	   1.3241667028010132e+09	
   1.5732210288046878e+07	   8.2087161118761969e+09	   2.7565968840602398e+09	   1.9357573117242360e+09	   4.9132413671923542e+09	   2.3202183323127069e+09	
   1.6032167106104378e+07	   3.7373018678466568e+10	   1.6570643981187553e+09	   1.8613942464446566e+09	   3.9907203307522244e+09	   5.8742593767351131e+09	
   1.6332154216040062e+07	   8.7154361982438400e+10	   7.1120149998889904e+09	   6.6813291619072580e+09	   3.3221675407448511e+09	   1.9404362633189110e+10	
   1.6631877450025951e+07	   5.5757824767182068e+11	   5.4984335313347522e+11	   5.8907300839960364e+11	   3.5017244455098584e+11	   4.4839869894766833e+11	
   1.6931877450025950e+07	   1.0628162331027781e+13	   1.9510749836255633e+13	   1.0059858506241673e+14	   2.0188061556600297e+13	   7.5726446373173203e+12	
   1.7231877450025950e+07	   6.8770625522892793e+12	   7.1682633384781748e+12	   7.4492168109100918e+12	   7.7440101402020371e+12	   8.0301696820980518e+12	
   1.7531722533848070e+07	   1.1195099283276869e+13	   1.1476748249551059e+13	   1.1770450170612672e+13	   1.5693986877151680e+13	   1.2505417215420809e+13	
   1.7831722533848070e+07	   1.5821851965259654e+13	   1.6157581803745914e+13	   1.6494675413272070e+13	   1.6832149309605277e+13	   1.7171170747615021e+13	
   1.8131722533848070e+07	   6.8938019663485172e+13	   7.0085324705879258e+13	   7.1230512460224516e+13	   7.2387848158187219e+13	   7.3551820338574172e+13	
   1.8431605444849633e+07	   7.1150450454938656e+13	   7.2401108404354359e+13	   7.3527693511000844e+13	   7.4813391757347047e+13	   7.5860840281167953e+13	
   1.8731493414933588e+07	   6.5692278967792156e+13	   6.6592078158410727e+13	   6.7641684221919766e+13	   6.8669675893276945e+13	   6.9700561962307359e+13	
   1.9030435241719000e+07	   4.7117269966723250e+13	   4.7918943152142914e+13	   4.8800369113733312e+13	   4.9775508488845922e+13	   5.0544334024317508e+13	
   1.9329441185056690e+07	   5.1470234726292125e+13	   5.2376580274585242e+13	   5.3336617834976836e+13	   5.4216699712624625e+13	   5.5157484243916641e+13	
   1.9627271141366258e+07	   5.4699914919241695e+13	   5.5772700762323680e+13	   5.6790336965032414e+13	   5.7821616050538805e+13	   5.8898708825983562e+13	
   1.9925128920146830e+07	   5.8506993694205016e+13	   5.9551055194428203e+13	   6.0638051894023391e+13	   6.1753492148655359e+13	   6.2888304596288414e+13	
   2.0221637834958922e+07	   3.2987814481322594e+13	   3.3721649002323512e+13	   3.4504956546172730e+13	   3.5303658388710219e+13	   3.6113457641430062e+13	
   2.0520459919905007e+07	   4.2896254690270195e+13	   4.3752191599695875e+13	   4.4573637866463883e+13	   4.5435839485518594e+13	   4.6243923956535398e+13	
   2.0815693511653405e+07	   4.2688175525202578e+13	   4.3470859523524820e+13	   4.4300766812794336e+13	   4.5091292457085039e+13	   4.5913700707621992e+13	
   2.1102830181724079e+07	   4.9689700097404797e+13	   5.0543149754574797e+13	   5.1557754401764500e+13	   5.2436034891567844e+13	   5.3396144946449492e+13	
   2.1389816735925287e+07	   5.0312116860840414e+13	   5.1221760834528859e+13	   5.2126558118857562e+13	   5.3035804787652016e+13	   5.3949274116960891e+13	
   2.1684276877136532e+07	   5.9752509787457250e+13	   6.0682618054554438e+13	   6.1608791357707477e+13	   6.2535865872440281e+13	   6.3463696355319109e+13	
   2.1974416534089074e+07	   6.5518266748692516e+13	   6.6658834789698375e+13	   6.7664076895906867e+13	   6.8642057191474750e+13	   6.9770214758331789e+13	
   2.2266719680439021e+07	   6.6335313867497344e+13	   6.7424071931399328e+13	   6.8536723640747688e+13	   6.9584446646006320e+13	   7.0749028565144000e+13	
   2.2556851450163580e+07	   6.0989378140573578e+13	   6.2054851288639547e+13	   6.3106046214471969e+13	   6.4168389238970414e+13	   6.5261988798633172e+13	
   2.2846666832189497e+07	   5.1074507321770023e+13	   5.2031449500026367e+13	   5.2987404337909406e+13	   5.4008681871619648e+13	   5.4964616393219148e+13	
   2.3124778398368970e+07	   5.2787900678062102e+13	   5.3684421521488188e+13	   5.4563032321731805e+13	   5.5458299427075445e+13	   5.6347198746022781e+13	
   2.3414141340421397e+07	   5.6234532102886055e+13	   5.7195946961523836e+13	   5.8155082699131992e+13	   5.9114598620378000e+13	   6.0074361152704055e+13	
   2.3699392776702087e+07	   6.4015899330223156e+13	   6.5037856803904516e+13	   6.6052626176987102e+13	   6.7062843376541805e+13	   6.8081083032719141e+13	
   2.3957858082114343e+07	   6.0215661544102836e+13	   6.1159478392655469e+13	   6.2126769872821812e+13	   6.3077753605170734e+13	   6.4044442374845383e+13	
   2.4220100693330549e+07	   3.9689092663778992e+13	   4.0586666005126648e+13	   4.1476752708043953e+13	   4.2370932186764062e+13	   4.3242174902833094e+13	
   2.4464290852688935e+07	   5.2124740595904750e+13	   5.3028732516061641e+13	   5.3938800813498414e+13	   5.4845687076502375e+13	   5.5764844338091234e+13	
   2.4699169576331161e+07	   5.0129911425988141e+13	   5.1034406346428000e+13	   5.1903241290686891e+13	   5.2749897774128836e+13	   5.3666199825569289e+13	
   2.4926757018106595e+07	   6.0788700907257414e+13	   6.1764329014644656e+13	   6.2804706785444469e+13	   6.3719019067034578e+13	   6.4707442750489242e+13	
   2.5149920030863974e+07	   4.8206340938971180e+13	   4.9123460121939688e+13	   5.0041075768220062e+13	   5.0957445969103516e+13	   5.1874851231186836e+13	
   2.5367421517546680e+07	   6.1839476128073969e+13	   6.2790686603669234e+13	   6.3788140092177953e+13	   6.4781602980337016e+13	   6.5777064436890070e+13	
   2.5586364046822172e+07	   4.8407810626252711e+13	   4.9329977728591305e+13	   5.0259380138188234e+13	   5.1190375654539875e+13	   5.2122324556861742e+13	
   2.5811718014913071e+07	   5.0321140556440406e+13	   5.1218539763727242e+13	   5.2113535312217945e+13	   5.3011450879679852e+13	   5.3909626440373016e+13	
   2.6058695742397822e+07	   5.7812920473209836e+13	   5.8768554836693680e+13	   5.9707802333622273e+13	   6.0653257331975578e+13	   6.1623530428841461e+13	
   2.6342069845365696e+07	   5.3854124050763695e+13	   5.4799663568487344e+13	   5.5749901117718727e+13	   5.6698629833246102e+13	   5.7584229976965992e+13	
   2.6617657052026790e+07	   6.1077937166306547e+13	   6.2105649021106328e+13	   6.2705496417879188e+13	   6.3694301727473758e+13	   6.3879954552822445e+13	
   2.6878444599241838e+07	   6.2918091985493656e+13	   6.3686450422031695e+13	   6.3054421040723031e+13	   6.0979315503397414e+13	   6.0863791550421320e+13	
   2.7163699520483676e+07	   5.0778916296087414e+13	   5.0202446476858727e+13	   4.9236407826768297e+13	   4.8007199807668938e+13	   4.8428852239009906e+13	
   2.7456979007161509e+07	   4.9306770152704898e+13	   4.8463539566308742e+13	   4.8151951306670383e+13	   4.7762944853478211e+13	   4.6820374252278383e+13	
   2.7742592256083943e+07	   5.0814496659660984e+13	   4.9385690174889812e+13	   4.8754084465955258e+13	   4.8219549729187336e+13	   4.7109185430216492e+13	
   2.8031931394449685e+07	   3.5157563224563059e+13	   3.4558054245896043e+13	   3.4253002817094520e+13	   3.4731849438853301e+13	   3.3968953750328730e+13	
   2.8326947785841823e+07	   3.7537374263524352e+13	   3.7111779788229484e+13	   3.6582781109304625e+13	   3.6181954889808695e+13	   3.5693509450151625e+13	
   2.8615515407148972e+07	   3.2682127156354121e+13	   3.2391896204858449e+13	   3.2055817977408070e+13	   3.1600117412827328e+13	   3.1203725509965617e+13	
   2.8904302394772969e+07	   2.6868844156785297e+13	   2.6905837258991805e+13	   2.6279776520903402e+13	   2.5988575817206844e+13	   2.5726608749527914e+13	
   2.9192078526084863e+07	   2.1682763596487062e+13	   2.1422187132220492e+13	   2.1165460630064211e+13	   2.0981708173305805e+13	   2.0804258526332094e+13	
   2.9468637865883056e+07	   1.9189449875196426e+13	   1.8869391202324121e+13	   1.8785727383250230e+13	   1.8518036062285691e+13	   1.8253697897802070e+13	
   2.9745966286262155e+07	   2.0522170870152703e+13	   2.0161188634193980e+13	   2.0023769093205570e+13	   1.9586386811734023e+13	   1.9274850839412363e+13	
   3.0019388745956425e+07	   1.6821172445568137e+13	   1.6683042339137791e+13	   1.6483742236286607e+13	   1.6153032085671691e+13	   1.6065285251994539e+13	
   3.0311782605603833e+07	   1.5158844622826379e+13	   1.4966392499520580e+13	   1.4808865065922365e+13	   1.4635604173556062e+13	   1.4507963812809578e+13	
   3.0598671006765503e+07	   1.3013881463153363e+13	   1.2945055367737207e+13	   1.2682989468809107e+13	   1.2525204042122746e+13	   1.2346614434034598e+13	
   3.0890142554539040e+07	   1.3393801030274514e+13	   1.3296011596620736e+13	   1.3073349619627672e+13	   1.2957838546973357e+13	   1.2667679722232938e+13	
   3.1184037326205224e+07	   9.4407898079664883e+12	   9.3566483989380566e+12	   9.2178118043129531e+12	   9.1184994577074199e+12	   9.0240514051683047e+12	
   3.1474446817097358e+07	   9.3877054873958555e+12	   9.2944120777766504e+12	   9.1701145280921211e+12	   9.0063668665246152e+12	   8.9272123624535762e+12	
   3.1769264896309551e+07	   6.4178670215468105e+12	   6.3490452593395283e+12	   6.3194464076261562e+12	   6.2447609442129990e+12	   6.2121701646475479e+12	
   3.2058165848482288e+07	   7.1548682749800977e+12	   7.0530370093902051e+12	   6.9968184793598291e+12	   6.8841793003198262e+12	   6.8169267583155059e+12	
   3.2349368592144169e+07	   6.2288330289740977e+12	   6.1836736755560088e+12	   6.1253833456755312e+12	   6.0454833953351104e+12	   6.0060928500461494e+12	
   3.2643453439522285e+07	   5.3798395765134883e+12	   5.3438091222941943e+12	   5.3024190324189873e+12	   5.2418175525065117e+12	   5.2032712471233516e+12	
   3.2938476702541698e+07	   5.0728855680385840e+12	   5.0300599621582285e+12	   4.9786324207852402e+12	   4.9340590729270303e+12	   4.8988362233362266e+12	
   3.3235437775536194e+07	   4.8015069236011953e+12	   4.7761121636219727e+12	   4.7540755695765645e+12	   4.7174079410690654e+12	   4.6474763602073350e+12	
   3.3524105003575262e+07	   4.8666605935683320e+12	   4.8250345714801572e+12	   4.8008565679851035e+12	   4.7535097034645439e+12	   4.6641773839686934e+12	
   3.3817986977297314e+07	   4.1270835683968125e+12	   4.1124818954213809e+12	   4.0704169706712939e+12	   4.0190971731165918e+12	   3.9755071573985942e+12	
   3.4105669326125860e+07	   3.4429996276113862e+12	   3.4241366410581313e+12	   3.3949584587134028e+12	   3.3530009604717656e+12	   3.3139384192328579e+12	
   3.4404164422182821e+07	   2.9764035415502178e+12	   2.9522324141639746e+12	   2.9467463388243164e+12	   2.9179079872145894e+12	   2.8865077817413647e+12	
   3.4696796805827729e+07	   2.8885491804402568e+12	   2.8661044776782134e+12	   2.8527161979414087e+12	   2.8194445386503135e+12	   2.7970973087233999e+12	
   3.4990298913708963e+07	   2.6524342346180586e+12	   2.6205929065380049e+12	   2.6082963655846709e+12	   2.5748923910294858e+12	   2.5613192347193560e+12	
   3.5282436634821974e+07	   2.8330568710712842e+12	   2.8010714350989824e+12	   2.7730650536520293e+12	   2.7427237010652441e+12	   2.7296801355781597e+12	
   3.5579009174341783e+07	   2.3075648801222764e+12	   2.2935880661700332e+12	   2.2872055666412427e+12	   2.2667134003645732e+12	   2.2497962345099790e+12	
   3.5872728404661454e+07	   2.4427998656144668e+12	   2.4246825728110532e+12	   2.4084748061250835e+12	   2.3839785438772158e+12	   2.3574867454059829e+12	
   3.6162767406234093e+07	   2.3802290614467432e+12	   2.3556899152180381e+12	   2.3410494627027427e+12	   2.3050515302750347e+12	   2.2709691094612822e+12	
   3.6449674442886196e+07	   1.3724321229428765e+12	   1.3767112186770667e+12	   1.3767846955869089e+12	   1.3767353425460498e+12	   1.3690046805147385e+12	
   3.6747292355615839e+07	   2.0681841336880144e+12	   2.0531292494829470e+12	   2.0278856891821482e+12	   2.0107780904094387e+12	   1.9773808123640276e+12	
   3.7041867027809888e+07	   1.6816370945018362e+12	   1.6753787439190808e+12	   1.6586435776842295e+12	   1.6448484079302410e+12	   1.6242222908365681e+12	
   3.7328644945548654e+07	   1.5208783938567002e+12	   1.5206200758983943e+12	   1.5096504973473257e+12	   1.4991658323863110e+12	   1.4858800073876655e+12	
   3.7615715446739681e+07	   1.4393090717403311e+12	   1.4379845572247676e+12	   1.4297660402122966e+12	   1.4219280535899639e+12	   1.4062082331987661e+12	
   3.7905733099563181e+07	   1.5413589106139434e+12	   1.5321319044248994e+12	   1.5154714151587773e+12	   1.5030146192912458e+12	   1.4841578802327261e+12	
   3.8193163565754749e+07	   1.1582471865108542e+12	   1.1609661616974336e+12	   1.1507770203855107e+12	   1.1490325546076067e+12	   1.1400901361599697e+12	
   3.8484411264851168e+07	   1.0682336843720029e+12	   1.0663075816255482e+12	   1.0630597759920820e+12	   1.0570137700360757e+12	   1.0507367715713632e+12	
   3.8779823007916883e+07	   1.0273334731193601e+12	   1.0216546766335566e+12	   1.0170055016334407e+12	   1.0099361972473186e+12	   9.9963499660351392e+11	
   3.9072488446556307e+07	   1.3780509167347751e+12	   1.3638005976639578e+12	   1.3494871554793728e+12	   1.3269675328782122e+12	   1.3061698020307505e+12	
   3.9360371931799799e+07	   1.0408056068272490e+12	   1.0332105916572262e+12	   1.0278850975678917e+12	   1.0166423316476656e+12	   1.0064484923553513e+12	
   3.9651401337017402e+07	   8.0465606218940002e+11	   8.0376216012954956e+11	   8.0279147052477930e+11	   7.9869462367063550e+11	   7.9343039811520898e+11	
   3.9949147848280475e+07	   1.0159738814055089e+12	   1.0039781089020776e+12	   9.9542382403960254e+11	   9.8040480809323303e+11	   9.7118333885331506e+11	
   4.0236340760143951e+07	   9.0671111651068408e+11	   8.9759661256567175e+11	   8.9146595518540137e+11	   8.8368800233195251e+11	   8.6898055169825916e+11	
   4.0528487566014066e+07	   7.9340412233606995e+11	   7.8952401993171716e+11	   7.8232290741559888e+11	   7.7635674716803979e+11	   7.6682483603770117e+11	
   4.0826157803100199e+07	   9.1891053872759607e+11	   9.0817052064944788e+11	   8.9561471714701965e+11	   8.8362493545693689e+11	   8.6803207471293469e+11	
   4.1123218009439774e+07	   9.1451628188485181e+11	   8.9894554493028784e+11	   8.8610497559266187e+11	   8.7495817945888708e+11	   8.5599905166325781e+11	
   4.1418775837524839e+07	   7.5899365030333179e+11	   7.4799473005765527e+11	   7.3958631135290076e+11	   7.2835584727358667e+11	   7.1664842952527966e+11	
   4.1714349902624995e+07	   7.0188463725431287e+11	   6.9525857367736084e+11	   6.8487089210861035e+11	   6.7471677972722656e+11	   6.6443847071180554e+11	
   4.2004431067500152e+07	   6.7276986018737830e+11	   6.6662915498798242e+11	   6.5668320687268640e+11	   6.4926380122841443e+11	   6.4109149214246350e+11	
   4.2300146679852068e+07	   6.3203093204825903e+11	   6.2482303914592786e+11	   6.1829850887009717e+11	   6.0973771340236206e+11	   6.0100610467257007e+11	
   4.2595850160117477e+07	   6.2621234055540686e+11	   6.1854378397405078e+11	   6.0820811619396765e+11	   5.9950209289060571e+11	   5.9005647990562219e+11	
   4.2890640053610846e+07	   6.7623245875692212e+11	   6.6536386280397754e+11	   6.5101059944427808e+11	   6.3956861275433643e+11	   6.2665423031563245e+11	
   4.3175523157529160e+07	   6.1179877987115588e+11	   6.0183488010758936e+11	   5.9117671260973657e+11	   5.7956963474271765e+11	   5.6802339623892712e+11	
   4.3465096564929180e+07	   4.7791606977372009e+11	   4.7165201762123987e+11	   4.6595207217512793e+11	   4.5883434355525970e+11	   4.5338280716817255e+11	
   4.3760784981882147e+07	   4.6429430498950531e+11	   4.5626238066568512e+11	   4.5080891245836029e+11	   4.4343394577920428e+11	   4.3539565585456281e+11	
   4.4051211942247942e+07	   6.4361992421539709e+11	   6.3035137832942993e+11	   6.1574934926440613e+11	   5.9922869071885278e+11	   5.8441971189521301e+11	
   4.4347209454317100e+07	   5.2539728628493988e+11	   5.1594666422995374e+11	   5.0489500659835156e+11	   4.9343488719950269e+11	   4.8199202491856787e+11	
   4.4639283586472146e+07	   3.9308958333479657e+11	   3.8795224235416156e+11	   3.8166924884667749e+11	   3.7625708213356085e+11	   3.6988174094050800e+11	
   4.4921188252252340e+07	   3.8071855921435742e+11	   3.7352214022261713e+11	   3.6731929336239978e+11	   3.6194403529918903e+11	   3.5705589309071906e+11	
   4.5213277948250547e+07	   4.5992563038874664e+11	   4.4885025828834955e+11	   4.3786327943476038e+11	   4.2893647320614948e+11	   4.1892882766480743e+11	
   4.5501577432833210e+07	   4.7584283542667859e+11	   4.6375007186058014e+11	   4.5268333373307672e+11	   4.4174039205747192e+11	   4.2977732633767041e+11	
   4.5791790969391085e+07	   4.5760931052717670e+11	   4.4559398771587634e+11	   4.3424205711756158e+11	   4.2238356496319556e+11	   4.1229350077085522e+11	
   4.6082540544501297e+07	   3.6385102708981763e+11	   3.5753918824107166e+11	   3.5089375769208844e+11	   3.5220986849124701e+11	   3.5831894408143994e+11	
   4.6377243752243303e+07	   3.5471965293085364e+11	   3.4755671390880017e+11	   3.4326438702986688e+11	   3.5009572726864484e+11	   3.5546270036719617e+11	
   4.6660622335961528e+07	   3.7673041745770380e+11	   3.6744775418591272e+11	   3.6005855582697345e+11	   3.6652618524862750e+11	   3.7244735421317548e+11	
   4.6951000387859292e+07	   3.3574702891013373e+11	   3.3573469926298065e+11	   3.4097269105809241e+11	   3.4664417246055499e+11	   3.5136157424778003e+11	
   4.7242970796839580e+07	   3.3092393344946704e+11	   3.3670450073342102e+11	   3.4241645503197351e+11	   3.4730376793734412e+11	   3.5176846609538568e+11	
   4.7531258431688547e+07	   3.0969510418899896e+11	   3.1553186414714325e+11	   3.2039304711556500e+11	   3.2507424547860730e+11	   3.2903778307689459e+11	
   4.7823074202478811e+07	   3.1771522495789575e+11	   3.2296979769268732e+11	   3.2796286320446027e+11	   3.3239625985373547e+11	   3.3616501515175305e+11	
   4.8114228709971152e+07	   3.0285812256338513e+11	   3.0776720389050464e+11	   3.1151080165100238e+11	   3.1561512291570129e+11	   3.1874053143799615e+11	
   4.8406463755665466e+07	   3.1448150264917108e+11	   3.1846000368493823e+11	   3.2197281622481085e+11	   3.2445268407214130e+11	   3.2693293770684399e+11	
   4.8702839351678796e+07	   3.4087402383650024e+11	   3.4489117364379681e+11	   3.4754155448315601e+11	   3.5078508534214307e+11	   3.5215278730128864e+11	
   4.8994705877292022e+07	   2.7224781431975824e+11	   2.7544346414621832e+11	   2.7794871149851031e+11	   2.7954557543775220e+11	   2.8112158285879034e+11	
   4.9268607659261651e+07	   2.7741952242469287e+11	   2.8024893180836902e+11	   2.8179981380445795e+11	   2.8359585316411823e+11	   2.8413574024961890e+11	
   4.9553465429614328e+07	   2.8312772127384125e+11	   2.8470753463894287e+11	   2.8554974683429041e+11	   2.8551507461668823e+11	   2.8491658897279443e+11	
   4.9844366170569107e+07	   2.7552008027889148e+11	   2.7632064340740601e+11	   2.7692639328170715e+11	   2.7689853437533966e+11	   2.7525835999912378e+11	
   5.0130893311819896e+07	   2.4008622725713412e+11	   2.4069093892583221e+11	   2.4119588015365811e+11	   2.4002705310349643e+11	   2.3962132504682452e+11	
   5.0425714375944711e+07	   2.2743797454487259e+11	   2.2684666306418478e+11	   2.2582542655106900e+11	   2.2466695149413986e+11	   2.2282211500530164e+11	
   5.0715671396069281e+07	   2.5777084123620871e+11	   2.1624514374115872e+11	   2.1468198322695520e+11	   2.1289563531198291e+11	   2.1052531283256064e+11	
   5.1001696132348165e+07	   2.0661553990903461e+11	   2.0504600332977344e+11	   2.0284388791150696e+11	   2.0039261677877841e+11	   1.9733378896587460e+11	
   5.1298249940540701e+07	   2.5205474069915067e+11	   2.4967085892841498e+11	   2.4659145622540472e+11	   2.8599398577887823e+11	   2.3790248178555347e+11	
   5.1567105533405781e+07	   2.2199436548295013e+11	   2.1891061729876202e+11	   2.1525278933214731e+11	   2.1144465395150021e+11	   2.0682721247147861e+11	
   5.1860259333167702e+07	   1.9974946328944562e+11	   1.9608490423579410e+11	   1.9163762373510300e+11	   1.8731594428070175e+11	   1.8210701556539557e+11	
   5.2142693042530522e+07	   2.1104840740852560e+11	   2.0663839619367776e+11	   2.0150573356815341e+11	   1.9687501924058960e+11	   1.9099786876767743e+11	
   5.2435303209404945e+07	   1.8588361830010495e+11	   1.8088317814526169e+11	   1.7576724090779395e+11	   1.7026930004914090e+11	   1.6423812147056824e+11	
   5.2721157915919706e+07	   1.9495546068958676e+11	   1.8890989335512451e+11	   1.8252066527053320e+11	   1.7591296799625681e+11	   1.6860089441465936e+11	
   5.3009973001717605e+07	   1.8771884443862286e+11	   1.8140006576738733e+11	   1.7455679062350940e+11	   1.6737552000013058e+11	   1.5947856514288461e+11	
   5.3303852008605152e+07	   1.7994666904449777e+11	   1.7199944355864313e+11	   1.6508807911463287e+11	   1.5668972161361600e+11	   1.5057845453207239e+11	
   5.3596622268905751e+07	   2.0233587221088297e+11	   1.9279630531025568e+11	   1.9260876702694418e+11	   1.7953945557637161e+11	   1.6523148954665497e+11	
   5.3887049992107637e+07	   1.8996546611623193e+11	   1.5104365610640561e+11	   1.6322731739667859e+11	   1.4880853089485358e+11	   1.3727444563674277e+11	
   5.4177062206280075e+07	   1.6806052409109030e+11	   1.6499683789252716e+11	   1.8519951498702008e+11	   1.5547426231997870e+11	   1.4321940424509747e+11	
   5.4474553483037114e+07	   2.0205286570203268e+11	   2.2777759895860342e+11	   1.9552238626433200e+11	   2.0817983182597021e+11	   1.8621244453847598e+11	
   5.4768687398035392e+07	   2.5244198630908008e+11	   2.5072631146543140e+11	   2.3716547923438373e+11	   2.8273790461350317e+11	   2.1385148698763678e+11	
   5.5066321220508873e+07	   4.2414262531003851e+11	   3.6559977637868567e+11	   2.7503352606225513e+11	   3.1726617284909387e+11	   3.2548136643745642e+11	
   5.5364481262539648e+07	   4.0209878889485870e+11	   5.9571604254401855e+11	   7.1203133760173755e+11	   7.2294841534308899e+11	   1.2444710226616667e+12	
   5.5657415652983546e+07	   9.2169330868809180e+11	   9.7887419282761609e+11	   1.9161529039276777e+12	   3.4002569937901768e+12	   4.4908983489787275e+12	
   5.5954749744190954e+07	   8.1514650317725415e+11	   7.6318626061662561e+11	   1.5346761123247415e+12	   1.6175470423123992e+12	   2.6623858690441460e+12	
   5.6251718810178712e+07	   6.2390519494130774e+11	   6.5490265265857092e+11	   8.8687771251801831e+11	   1.0184903066560951e+12	   1.4753133730767209e+12	
   5.6550293762049466e+07	   7.3129012840750659e+11	   9.1321572746801196e+11	   8.7458321101731616e+11	   9.1503949143594629e+11	   1.3336926724880879e+12	
   0.0000000000000000e+00	   0.0000000000000000e+00	   0.0000000000000000e+00	   0.0000000000000000e+00	   0.0000000000000000e+00	   0.0000000000000000e+00	
