   1.8670287737904349e-02	   0.0000000000000000e+00	   0.0000000000000000e+00	   0.0000000000000000e+00	   0.0000000000000000e+00	   0.0000000000000000e+00	
   5.9396639123939149e+03	   0.0000000000000000e+00	   0.0000000000000000e+00	   0.0000000000000000e+00	   0.0000000000000000e+00	   0.0000000000000000e+00	
   1.0149066792367355e+05	   0.0000000000000000e+00	   0.0000000000000000e+00	   0.0000000000000000e+00	   0.0000000000000000e+00	   0.0000000000000000e+00	
   2.8784106062421837e+05	   0.0000000000000000e+00	   0.0000000000000000e+00	   0.0000000000000000e+00	   0.0000000000000000e+00	   0.0000000000000000e+00	
   5.0259686515621707e+05	   0.0000000000000000e+00	   0.0000000000000000e+00	   0.0000000000000000e+00	   0.0000000000000000e+00	   0.0000000000000000e+00	
   7.6531509954058460e+05	   0.0000000000000000e+00	   0.0000000000000000e+00	   0.0000000000000000e+00	   0.0000000000000000e+00	   0.0000000000000000e+00	
   1.0635052326626484e+06	   0.0000000000000000e+00	   0.0000000000000000e+00	   0.0000000000000000e+00	   0.0000000000000000e+00	   0.0000000000000000e+00	
   1.3635052326626484e+06	   1.8986136855363387e+13	   1.5983519784752770e+13	   1.7736520169344594e+13	   1.6616847326990758e+13	   1.4072620347434381e+13	
   1.6635052326626484e+06	   8.0596772743236641e+13	   4.9673671015898312e+13	   3.4014773648191781e+13	   2.4232883938678055e+13	   1.9494696904203363e+13	
   1.9635052326626484e+06	   9.7343504167975138e+14	   1.0802225162245251e+15	   6.3173488038938600e+14	   9.6318268228335675e+14	   8.1735643447559575e+14	
   2.2635052326626484e+06	   6.7823994182115040e+15	   6.8000024699035750e+15	   6.8195312227661240e+15	   6.9101241353061650e+15	   6.8775785784676630e+15	
   2.5635052326626484e+06	   3.4209686927649055e+15	   3.4449592329548620e+15	   3.5115452200053275e+15	   3.6733169506399680e+15	   3.7428098441432195e+15	
   2.8635052326626484e+06	   6.7951964053873840e+15	   6.7970726795093070e+15	   6.8226753246700300e+15	   6.8452192106614460e+15	   6.8608853947485940e+15	
   3.1635052326626484e+06	   6.7696865148407050e+15	   6.7732933828939620e+15	   6.7889692335458730e+15	   6.8114920199419290e+15	   6.8363475696641140e+15	
   3.4635052326626484e+06	   7.4835274021872970e+15	   7.5577376704849750e+15	   7.7424438258433290e+15	   7.8159039091511400e+15	   7.8876242430942740e+15	
   3.7565857586918855e+06	   8.9523382371481910e+15	   9.0410580948607060e+15	   9.1337989525222420e+15	   9.2287356535546860e+15	   9.3259161274192380e+15	
   4.0326427023344999e+06	   7.2047332384665460e+15	   7.3594749660739400e+15	   7.5177545969705860e+15	   7.6746936058729310e+15	   7.8347349142756740e+15	
   4.3084043375901170e+06	   8.1694834900915200e+15	   8.3932546458004390e+15	   7.7293769239437620e+15	   8.1816947916570110e+15	   8.6361379929052320e+15	
   4.6041625657933699e+06	   2.8480949293282060e+15	   4.7652748576847400e+15	   1.3253867544701348e+15	   1.7400327020179612e+15	   1.2313705588415012e+15	
   4.7090913736508489e+06	   2.4529969394130232e+16	   1.3270354200321510e+16	   6.4700736994235504e+16	   1.7894515690687166e+16	   1.8492147949567324e+16	
   4.8050697334953006e+06	   1.3912578820488358e+16	   1.6378559895976312e+16	   2.2666129838322212e+16	   2.2750454541089208e+16	   2.2842397550457192e+16	
   4.9442190370601313e+06	   1.7168461694376004e+16	   1.7205264806785264e+16	   1.7243691067990778e+16	   1.7274428401257640e+16	   1.7314195432254798e+16	
   5.0692810098339431e+06	   3.3879850289763000e+16	   5.2893003354146952e+16	   4.6147382030574824e+16	   5.3436383662244600e+16	   2.7651937297031512e+16	
   5.1588038567108698e+06	   2.3533245683666348e+16	   1.6268124181363806e+16	   5.6855135615188152e+16	   5.7463252761932432e+16	   5.7611336808836832e+16	
   5.2510842648668978e+06	   5.0950162126394368e+16	   5.0886856107067584e+16	   5.0872662477649808e+16	   5.1097918557801992e+16	   5.0797632301449872e+16	
   5.3382104059257116e+06	   5.9221417598568232e+16	   5.9167919375795280e+16	   5.9114037727551288e+16	   5.9062733810864720e+16	   5.9006419619467216e+16	
   5.4163124069304317e+06	   6.2121307109453208e+16	   6.2069900375418832e+16	   6.0598814567213096e+16	   6.1948615302894952e+16	   6.1897607023342856e+16	
   5.4994301064309916e+06	   3.7114454189760600e+16	   3.7178707070754080e+16	   3.7250323518802216e+16	   3.7328381442958760e+16	   3.7325499055830656e+16	
   5.6115093153543379e+06	   1.1327225604873578e+16	   8.5344104953465070e+15	   1.1251721050994738e+16	   1.1613114020592194e+16	   7.5871347014944575e+14	
   5.7686120378749613e+06	   7.7722649444200110e+15	   7.6876603561796960e+15	   7.8083538088781280e+15	   7.6367854045318540e+15	   7.5728316629986750e+15	
   5.9852970428882232e+06	   4.8482265950513940e+15	   4.8576114327005090e+15	   4.8735629687787430e+15	   4.8934991529108730e+15	   4.9357764701028960e+15	
   6.2704114352249941e+06	   3.6526475813583205e+15	   3.6661192307483295e+15	   3.7454340440101700e+15	   3.6953079831209480e+15	   3.7086453979401570e+15	
   6.5704114352249941e+06	   2.9151645923926360e+15	   3.1373861293674760e+15	   3.6409592521712500e+15	   3.2053461915906020e+15	   3.1334456167611530e+15	
   6.8704114352249941e+06	   8.5079261048887362e+14	   8.3512557153360738e+14	   1.2008126981741208e+15	   2.4856710467111715e+15	   2.5025302300615850e+15	
   7.1704114352249941e+06	   9.2755501034499900e+14	   1.2287894417628248e+15	   1.5193715744262882e+15	   1.7462115948886172e+15	   1.7405852115244340e+15	
   6.4006759390987642e+06	   9.7632053678459538e+14	   7.9439599714002012e+14	   7.0529624009394975e+14	   5.9319347781832362e+14	   1.3593394527521642e+14	
   6.4057174395987364e+06	   2.2630537192632141e+11	   2.3944036061524017e+11	   2.5096423935850211e+11	   2.6350321938803967e+11	   2.7579394130759863e+11	
   6.4639451220438434e+06	   6.3537906387957512e+10	   7.6999812978208817e+10	   8.8786204057151703e+10	   1.0035101066099367e+11	   1.1146662865549324e+11	
   6.7474510722685661e+06	  -2.6929665336755199e+09	   2.8382476983732882e+09	   1.4632876632326117e+10	   2.6352954621287209e+10	   3.7195745870510284e+10	
   7.0437477317863246e+06	  -9.5589929225120392e+09	  -1.0717748967557307e+08	  -3.2159852649347257e+07	  -3.7528261110620752e+07	   2.1450732118125312e+09	
   7.3002742381659318e+06	  -1.0187030467922430e+10	  -7.8115930707383871e+07	  -3.1647819057907768e+07	  -4.0098536068849966e+07	  -3.8120322965609781e+07	
   7.5481116831569318e+06	  -1.1295640226929665e+10	  -5.2314951175697631e+08	  -2.7400182932723697e+07	  -3.0969501351082589e+07	  -3.3628405660423048e+07	
   7.7706010014812257e+06	  -1.5571980682168505e+10	  -1.5770574019132254e+09	  -2.3295535462835390e+07	  -2.5125387108793657e+07	  -2.8715933055320390e+07	
   8.0672811756651243e+06	  -1.9044467866302963e+10	  -1.8178624159679672e+10	  -1.0136381749081995e+09	  -6.4030690424881026e+07	  -6.7806184081171289e+07	
   8.3672811756651243e+06	   3.1179442214871745e+09	   1.5749486889931908e+09	   7.1655324392328799e+08	   3.7537099143825092e+09	   7.4430845574894917e+08	
   8.6672811756651234e+06	   8.4757903238234639e+08	   2.9298066062984009e+09	   4.5246517616441031e+09	   2.9783850075341147e+08	   2.3036666758482701e+08	
   8.9672811756651253e+06	  -3.7914634607681066e+07	  -4.0840785972963050e+07	  -4.4672222607753776e+07	  -2.4704169817577407e+07	  -5.0039497047609679e+07	
   9.2672811756651253e+06	  -2.4070383978485878e+10	  -1.1763662017586082e+08	  -4.2618185629232861e+07	  -4.5682647632916085e+07	  -4.8682457588011593e+07	
   9.5672811756651253e+06	  -3.8030449424133092e+07	  -4.0149007654022448e+07	  -4.4018785250863470e+07	  -4.6119081189497799e+07	  -4.9122183000193298e+07	
   9.8672811756651253e+06	  -4.2359125215961876e+10	  -1.9255543431678566e+08	  -8.9019399234637052e+07	  -4.6278131180960707e+07	  -4.9293289095850646e+07	
   1.0167281175665125e+07	  -5.3832433677139809e+10	  -1.9545948721102640e+08	  -7.8643379868245900e+07	  -4.8725106332874700e+07	  -5.0789598252323538e+07	
   1.0467281175665125e+07	  -4.3342519033812448e+07	  -4.6330002841849610e+07	  -5.1517478636706889e+07	  -5.4134590815644659e+07	  -5.5561461775503203e+07	
   1.0767281175665125e+07	  -4.1624417304503702e+07	  -4.7327795962431505e+07	  -5.2967231333263062e+07	  -5.5374996076159328e+07	  -5.6365603620858319e+07	
   1.1067281175665125e+07	  -4.4536269945974916e+07	  -5.0559367692914657e+07	  -1.0088686520651796e+08	  -5.7236897278344817e+07	  -5.8913557553518869e+07	
   1.1367281175665125e+07	  -4.8734016612161957e+07	  -5.5204147169163451e+07	  -2.1432673511847293e+08	  -6.3277614737077281e+07	  -6.5534230572138771e+07	
   1.1667281175665125e+07	  -4.7845042646313250e+07	  -1.4339897794883269e+08	  -7.2934269849896684e+07	  -6.5096216060631871e+07	  -7.2100550485092670e+07	
   1.1967281175665125e+07	  -5.1142833081990212e+07	  -8.4916157540954083e+07	  -5.9438767589723371e+07	  -6.4605623924637169e+07	  -6.5954582633298010e+07	
   1.2267281175665125e+07	  -1.2266852833330954e+11	  -1.1029142332098822e+11	  -1.0771312881544939e+10	  -6.4383316511429906e+07	  -6.6259273759857997e+07	
   1.2567281175665125e+07	  -1.0919215623353990e+11	  -9.8548555940807953e+10	  -1.4250188246812355e+10	  -2.0112100130159658e+08	  -6.3368955988284104e+07	
   1.2867281175665125e+07	  -1.2322320373815776e+11	  -1.5482930204285875e+10	  -4.8775656769418125e+09	  -1.1914016996157958e+08	  -7.3938896447910056e+07	
   1.3167281175665125e+07	  -5.8406558022224598e+09	  -1.3144967460298626e+08	  -1.0640901478812817e+08	  -7.5711058713847652e+07	  -7.3059653587258965e+07	
   1.3467281175665125e+07	  -1.4100066166116382e+11	  -1.2368538585863033e+11	  -3.9803459812537804e+09	  -3.2442791125667500e+08	  -8.4538527415508270e+07	
   1.3767281175665125e+07	   9.0896721291464865e+08	   6.8525227408149803e+08	   1.1351419211895432e+09	   2.4388158239386754e+09	   3.3180831382290096e+09	
   1.4067281175665125e+07	   1.3124412886216119e+08	   2.0175389372887261e+07	  -2.0659726527706780e+07	  -7.5489312455952570e+07	  -6.9149714041168764e+07	
   1.4367281175665125e+07	  -2.1000844494685263e+11	  -5.9074686517876312e+10	  -3.2664044956395998e+09	  -7.3886590975015119e+07	  -3.6946788627544779e+08	
   1.4667281175665125e+07	  -5.9599748850635916e+07	   1.9169887838670650e+08	   7.0574555015789002e+07	   2.6337865494316235e+08	   6.4326049535986507e+08	
   1.4967281175665125e+07	   5.4962770426209465e+07	   1.6564868545474410e+08	   2.2599036127387747e+08	   2.2421467585836774e+08	   2.7558487099824268e+08	
   1.5267281175665125e+07	  -2.9012356906768042e+11	  -1.6322873729423080e+10	  -6.9963021081568241e+07	  -6.9964345101000890e+07	  -4.6659597530025858e+08	
   1.5567281175665125e+07	  -6.4113830597367488e+07	  -7.9070566103147596e+07	  -7.0426568688013554e+07	  -9.2680154193009675e+07	  -1.3936290805470097e+08	
   1.5867281175665125e+07	  -2.6806656233502252e+11	  -1.3209369769791729e+10	  -6.1960932497975469e+07	  -2.3004518049684504e+08	  -4.0997815315438014e+08	
   1.6167230191145094e+07	  -2.7993511800579053e+11	  -7.8755182511483887e+10	  -6.1960947512493625e+07	  -2.6609043567526487e+08	  -2.0589156287162456e+08	
   1.6467230191145094e+07	  -2.1943515678876913e+11	  -3.9984926185800346e+10	  -6.3361826270332448e+07	  -6.3391994590828829e+07	  -1.9647172369043764e+08	
   1.6767230191145094e+07	  -7.4102930036131009e+07	  -7.6745374727767169e+07	  -9.4185209115414619e+07	  -7.3848114095397815e+07	  -9.6906709867305720e+08	
   1.7067230191145096e+07	  -1.0328876612206995e+10	  -8.8048080983732894e+07	  -8.4730291004457727e+07	  -8.2662823728501111e+07	  -3.9517756068334812e+08	
   1.7367230191145096e+07	  -3.3842547408602362e+09	  -1.0985991024317712e+08	  -8.8002182894502908e+07	  -8.6272832132896543e+07	  -8.4408368465731233e+07	
   1.7667230191145096e+07	  -9.0050799144615382e+07	  -9.1429072837361038e+07	   2.7544978095094431e+07	   9.0737212487110570e+07	   1.4612549388920422e+09	
   1.7967230191145096e+07	  -5.3379555343710022e+09	  -1.2654846144840354e+08	  -8.4319430495181233e+07	  -8.1334252672375455e+07	  -8.1508685731878236e+07	
   1.8267186445917029e+07	  -8.2448197039100285e+09	  -2.5272338855860719e+08	  -7.8277904662339941e+07	  -7.3469773272309989e+07	  -7.2831388120490104e+07	
   1.8567186445917029e+07	  -2.5686885598733280e+10	  -2.3863592878273827e+08	  -9.9240347942045450e+07	  -6.0382420501743354e+07	  -6.8468635236558422e+07	
   1.8867186445917029e+07	  -6.4461467472430781e+07	  -1.8631182561904326e+08	  -6.2961263646741509e+07	  -1.6957960908646327e+07	   1.3032823927811600e+10	
   1.9167186445917029e+07	  -1.7464851771739620e+10	  -8.8134707947635663e+08	  -6.1711282371453024e+07	  -6.4106308982671291e+07	  -6.5311740462226830e+07	
   1.9467177911017306e+07	   2.0842096087054577e+08	   9.4966874101541603e+08	   7.0287664157129583e+09	   7.3391247571175146e+08	   1.0682654144494154e+09	
   1.9767162595838189e+07	  -4.5069657218843475e+10	  -1.4966474914170122e+10	  -2.7932408392336839e+08	  -5.5198095560692243e+07	  -5.6219318355433695e+07	
   2.0067162595838189e+07	  -8.5068371411948288e+10	  -4.0431174297552376e+10	  -2.8921714963344216e+09	  -4.7909007638589598e+07	  -5.9232751041013487e+07	
   2.0367162595838189e+07	  -7.8392641394607712e+10	  -7.2557162316917358e+10	  -1.9347583913399336e+09	  -4.7712158304099254e+07	  -4.9949653094126083e+07	
   2.0667162595838189e+07	  -7.7008126426120239e+10	  -2.7615634519470787e+10	  -3.3028819575188279e+09	  -4.7223666926124655e+07	  -5.3802438193734579e+07	
   2.0967067851825092e+07	  -7.4704846724014435e+10	  -5.1663800875024399e+10	  -4.8499469570881424e+09	  -4.8695432769575000e+07	  -5.1473703326812617e+07	
   2.1267067851825092e+07	  -7.1749217420486404e+10	  -6.6018669847593941e+10	  -3.4658089578097577e+09	  -6.9221803143132791e+07	  -4.7434068506254405e+07	
   2.1567006367039390e+07	  -7.0596603608402298e+10	  -4.0899451252581635e+10	  -5.4575711067674150e+09	  -4.6037684813035123e+07	  -4.6668874917107239e+07	
   2.1866459113723204e+07	  -6.7773997674177376e+10	  -6.2637035849873451e+10	  -2.2430054507470031e+09	  -4.8207802439592980e+07	  -4.3803753551982783e+07	
   2.2166459113723204e+07	  -5.9120417227346554e+07	  -6.1292525015921764e+07	  -5.8079233171337165e+07	  -4.5821229245444641e+07	  -4.4201090362633958e+07	
   2.2466459113723204e+07	  -6.5268120216963524e+10	  -6.0574175923794296e+10	  -4.5296662190997899e+07	  -5.3755090159414418e+07	  -5.0856672875165164e+07	
   2.2766431325528894e+07	  -6.1624794243720055e+10	  -4.4897047348556953e+10	  -4.1441569988947552e+08	  -4.4828236536238126e+07	  -4.2190281886562079e+07	
   2.3066219370569121e+07	  -5.9563051260892899e+10	  -5.4797593075741447e+10	  -2.9380162132092142e+09	  -5.5450639269399494e+07	  -4.4267418513880767e+07	
   2.3366219370569121e+07	  -6.2392906433584259e+10	  -5.7439759616896568e+10	  -8.2912085410533571e+08	  -2.2949564046245548e+08	  -4.4975078424751699e+07	
   2.3666219370569121e+07	  -6.1089944872974014e+10	  -5.5537003682073189e+10	  -2.4166739485226202e+09	  -5.9326975585941903e+07	  -4.7724396942194179e+07	
   2.3966136138312936e+07	  -5.9326276475856415e+10	  -5.4503406685577469e+10	  -1.1281994166398973e+09	  -4.9885138647633213e+08	  -5.0549815078087986e+07	
   2.4266136138312936e+07	  -5.7239049350144882e+10	  -5.1620815357036438e+10	  -1.6668234662883487e+09	  -5.8448816089762524e+07	  -4.0444596652076966e+08	
   2.4565908843280248e+07	  -5.4561334524430275e+10	  -4.9721734146607544e+10	  -7.4543516859426785e+08	  -1.1833280250681183e+09	  -5.0402717055846579e+07	
   2.4865776188458785e+07	  -6.2726530044629347e+08	  -5.9194695579585046e+07	  -5.2885726206836686e+07	  -5.1763896110028666e+08	  -5.5774422004993126e+07	
   2.5165776188458785e+07	  -1.0242282373846749e+09	  -7.7547929343664080e+07	  -5.2850925645545565e+07	  -5.5486429586192004e+07	  -5.7899059057151467e+07	
   2.5465776188458785e+07	  -1.2116860467351887e+09	  -7.5298111385641307e+07	  -5.5024059505635604e+07	  -8.5965024426251853e+08	  -5.6720021799322985e+07	
   2.5765770933911014e+07	  -5.3268832819013275e+10	  -3.7355078790425171e+10	  -1.0852824670933376e+08	  -1.1785057531660976e+09	  -5.7849299828591324e+07	
   2.6065689909654677e+07	  -6.1498311306038216e+07	  -5.8081387789190680e+07	  -5.7169232693536773e+07	  -1.0349091430225487e+09	  -1.1346282532512248e+09	
   2.6365445252432492e+07	  -5.7596494329751581e+07	  -5.7478351145293571e+07	  -5.4045876244481884e+07	  -2.7995516656191707e+08	  -4.7940249505385363e+08	
   2.6665325070185561e+07	  -5.9442001188171059e+07	  -5.5375226361471660e+07	  -1.4206074235243415e+06	   3.3584953490626830e+08	   7.8477032211325276e+08	
   2.6965162269561615e+07	   4.8399939099508804e+08	   4.4997679376438063e+08	   4.4683279690590435e+08	   5.0564481355690897e+08	   6.9228188891148210e+08	
   2.7259441415199976e+07	  -4.9699603763700966e+10	  -4.5059196734628418e+10	  -9.1503880282325172e+08	  -5.5504314492716946e+07	  -6.3034257489319801e+07	
   2.7554002789043423e+07	  -5.0880903699422623e+10	  -4.6449652933095428e+10	  -6.9203530228658772e+09	  -5.5541105287141353e+07	  -7.3031619954262584e+07	
   2.7852547911529373e+07	  -5.3602330293308899e+10	  -4.9087638059950233e+10	  -2.1181778500618652e+08	  -6.1337514964451522e+07	  -6.7382848791121095e+07	
   2.8151514125213578e+07	  -5.1074208471536781e+10	  -4.6895484735466873e+10	  -6.9906430692038107e+08	  -2.8042032679059687e+09	  -7.9124560758232379e+08	
   2.8451384234764811e+07	  -5.1267597119063255e+10	  -4.6729397175374474e+10	  -5.4825246558811463e+07	  -1.6421252697293768e+09	  -7.0388127734285086e+07	
   2.8751083654828072e+07	  -4.8425266089563065e+10	  -4.4161450391425812e+10	  -2.5200751140796870e+08	  -1.2082099901895952e+08	  -6.7550874883088961e+07	
   2.9050685318968266e+07	  -4.8552621894570076e+10	  -4.3992105389321518e+10	  -5.6102989742464542e+08	  -1.6573580464646685e+09	  -1.5784910470183358e+08	
   2.9349217133253314e+07	  -4.8515415496230843e+10	  -4.4299846677781647e+10	  -1.6945766485278884e+08	  -5.0035721073069312e+07	  -6.8642154204756394e+07	
   2.9649067663410634e+07	  -4.7337923491409264e+10	  -4.3381006458363991e+10	  -6.0041021022480369e+08	  -1.3869094348132646e+09	  -4.6743866193871260e+08	
   2.9948836067728180e+07	  -4.6863634358293480e+10	  -4.3064502164842682e+10	  -2.0457910281311771e+08	  -4.8877039037213847e+07	  -6.1981248584944963e+07	
   3.0248537085566636e+07	  -5.1574307554741770e+07	  -4.9858071005284145e+07	  -5.6268312828908658e+08	  -1.1880346204258151e+09	  -3.3598381335674196e+08	
   3.0548281703618407e+07	  -1.0311389793945609e+08	  -4.6607838793598123e+07	  -1.2635505958537345e+08	  -3.7437181508609973e+07	   1.1793163834471912e+09	
   3.0847183326403435e+07	  -4.4474118769436775e+10	  -4.0587868004566383e+10	  -3.7067682452698418e+10	  -1.6823494078823936e+08	  -3.1578521447908455e+08	
   3.1146494635142740e+07	  -4.0794319718427536e+10	  -3.7153235541814087e+10	  -4.3674623530049175e+08	  -8.8124880883534539e+08	  -3.3068267383898073e+08	
   3.1446061690800503e+07	  -3.8424437973187012e+10	  -3.5182109704987457e+10	  -3.4924507718151385e+08	  -3.9886521060318843e+07	  -9.8342413885703242e+08	
   3.1744241247455496e+07	  -3.8953386774173035e+10	  -3.5382331812018593e+10	  -3.2479179139477962e+10	  -3.9648646875127390e+07	  -2.7856288110409302e+08	
   3.2043963462360483e+07	  -3.5903643824106079e+10	  -3.2658778251799995e+10	  -2.5999876134796890e+10	  -3.6832262088694438e+07	  -2.0762526182256353e+08	
   3.2343908059627630e+07	  -3.4741622129989075e+10	  -3.1486611456178406e+10	  -2.8944362025008320e+10	  -3.5328820668285273e+07	  -2.7650397452096742e+08	
   3.2642104579982027e+07	  -3.4576773359783012e+10	  -3.1361163843888622e+10	  -1.8797077540151917e+10	  -3.4247644030913927e+07	  -2.8491935130041420e+08	
   3.2940601570543088e+07	  -3.3636130724936329e+10	  -3.0572812051315495e+10	  -2.7083283129257154e+08	  -3.3606569636454336e+07	  -3.0464138543138528e+08	
   3.3239088512293424e+07	  -3.7383213545686018e+08	  -3.3527988623465978e+07	  -2.6301957075091493e+08	  -3.2233534807234518e+07	  -2.4297586324795097e+08	
   3.3533077736148998e+07	  -1.2112778489024052e+08	  -3.3604831131102979e+07	  -2.7725987063154715e+08	  -3.4280056712007582e+07	  -1.7539258818963039e+08	
   3.3832526222623229e+07	  -3.4669841470286839e+07	  -2.1828289913185316e+08	  -6.2288415632745278e+08	  -3.0062104291196585e+07	  -1.2006859452400787e+08	
   3.4132525287214115e+07	  -2.7723485589706638e+10	  -2.5736442737125710e+10	  -3.3649033006812420e+09	  -3.0020937080564272e+07	  -9.6012970726015374e+07	
   3.4431947360938795e+07	  -3.0267961465791116e+09	  -3.2057116214911509e+07	  -7.1561041079270673e+08	  -5.4789459261494376e+07	  -2.7953733502177779e+07	
   3.4731836963781863e+07	  -3.3095211622842488e+09	  -2.8498045593881670e+07	  -2.9607450091283306e+07	  -2.8467971868595354e+07	  -2.8667058429050382e+07	
   3.5031248482030295e+07	  -1.5618951315738707e+09	  -2.6077029298911750e+07	  -1.0388119880440712e+08	  -2.6957704683537003e+07	  -2.7375838288539298e+07	
   3.5330580438533068e+07	  -2.5285429594210130e+08	  -1.7911292070797151e+08	  -1.3511655045633564e+09	  -2.6237157800771110e+07	  -2.6056101666172966e+07	
   3.5630370893680967e+07	  -5.7899226714836903e+07	  -1.5412726023144755e+08	  -6.1520748498743272e+08	  -2.8769288730125796e+07	  -2.7367873586539291e+07	
   3.5929750481636114e+07	  -1.2843919399900663e+09	  -1.6112549430622905e+08	  -1.5323597605276817e+08	  -4.6769535259262316e+07	  -2.7386121036878217e+07	
   3.6228162854336388e+07	  -1.6406215691919036e+09	  -8.6819952783946216e+07	  -3.1742000616220940e+07	  -9.1858049629772440e+07	  -3.3756782260759145e+07	
   3.6519755547324359e+07	  -2.0123605216483509e+10	  -1.7953362778882603e+10	  -7.2876572259096880e+09	  -2.6837477901056949e+07	  -3.3715833019314535e+07	
   3.6817115257002711e+07	  -1.9113888646470894e+10	  -1.7109123586841896e+10	  -8.7822681157614768e+08	  -2.7115990390862241e+07	  -5.8022589067970768e+07	
   3.7114139424181141e+07	  -2.0064822245632977e+10	  -1.7881483833334293e+10	  -2.7720429653681965e+09	  -5.4799035969050491e+08	  -3.1114357669602692e+07	
   3.7412012543575786e+07	  -1.9573430716760624e+10	  -1.7131479480345551e+10	  -1.8227298190066820e+08	  -2.9365396201475982e+07	  -3.8590838005574852e+08	
   3.7711624444894768e+07	  -1.7796993446219784e+10	  -1.5548213641322437e+10	  -5.7440158431089723e+08	  -2.4924319938345194e+07	  -3.3207913347988594e+07	
   3.8010131745076083e+07	  -1.7777849049932682e+10	  -1.5788068325451260e+10	  -4.9450249515050036e+08	  -6.1732249691823673e+08	  -2.7544467002830680e+07	
   3.8309104020458713e+07	  -1.6055684438593546e+10	  -1.4176231885828300e+10	  -2.0833773852520555e+08	  -2.7422417152416382e+07	  -5.7596345729137087e+08	
   3.8607432359094612e+07	  -1.6186017210337580e+10	  -1.4246971455535994e+10	  -2.8840826937862306e+09	  -7.3517853330592072e+08	  -1.4712864826767570e+08	
   3.8904857792751640e+07	   6.0765990733927965e+08	   2.0256313793194315e+08	   2.8181974349503285e+08	   1.6895786111555991e+08	  -1.4447540629785988e+07	
   3.9203553579800956e+07	   1.3704921588087503e+10	   7.0358838525920792e+09	   6.1685456003518724e+09	   5.6057556067697601e+09	   4.6774762631854372e+09	
   3.9503217142576635e+07	  -2.8002295930738479e+08	  -2.2318606312636413e+07	  -2.4720313978176780e+07	  -9.4766211019950128e+08	  -8.2595037804302251e+08	
   3.9801819454252340e+07	  -1.4856069193119585e+10	  -1.3167782022338299e+10	  -2.0864601488794768e+09	  -1.7459912250093505e+08	  -1.9360281479429695e+08	
   4.0101118460897602e+07	  -1.3375262257892941e+10	  -1.1906869620655264e+10	  -1.0434188707225550e+10	  -1.8471338342603651e+08	  -7.9227603735624802e+08	
   4.0400134788432077e+07	  -1.1271991507435596e+10	  -9.8928768127167854e+09	  -2.5613779600717897e+09	  -8.8211424187968791e+08	  -3.3666194625009589e+07	
   4.0699587776717305e+07	  -2.0663362266023241e+07	  -1.2796631309158336e+08	  -4.7816263345450622e+08	  -1.9387108629023701e+08	  -2.0723139655713029e+07	
   4.0998724194120593e+07	  -9.4097377156852570e+09	  -8.0157199260003290e+09	  -4.0572242910988245e+09	  -5.9749836771188807e+08	  -2.0149449215189595e+07	
   4.1298339978327282e+07	  -9.7065543773266335e+09	  -8.3506563472325096e+09	  -7.0972612263471489e+09	  -4.3687324389712334e+07	  -3.1230004370987386e+08	
   4.1596746946148969e+07	  -8.8510288498256588e+09	  -7.5867187067261734e+09	  -5.9975729426785202e+09	  -1.8912760134475693e+07	  -1.2317721491362512e+08	
   4.1896198397140272e+07	  -7.3715324738873224e+09	  -6.2432612692843084e+09	  -5.2035553188487282e+09	  -1.9830354248286311e+07	  -1.4229292933743262e+08	
   4.2195691866570674e+07	  -7.5805353115788679e+09	  -6.2468929107547903e+09	  -5.2032155323298826e+09	  -1.8729038897240866e+07	  -4.3033686787291360e+08	
   4.2495230650362037e+07	  -6.4598904251143360e+09	  -5.1779490441647930e+09	  -4.2053987736512666e+09	  -1.9025544076242891e+08	  -6.4246836461164498e+08	
   4.2795057802811399e+07	  -7.3194571354070044e+09	  -6.0110396819218254e+09	  -2.1667057811667261e+09	  -1.8267004017887414e+07	  -1.7046810891418781e+09	
   4.3093737619061872e+07	  -4.5190757210487356e+09	  -3.5257857400175128e+09	  -1.6811960463997438e+09	  -3.1000833325507589e+07	  -1.5730032284439096e+08	
   4.3393452098180190e+07	  -6.0838691074177837e+09	  -4.9666179749576740e+09	  -1.8086914594626524e+07	  -1.8336040973223247e+07	  -1.7860638936002836e+09	
   4.3693074308705218e+07	  -3.4216276019155045e+09	  -2.5178493655460377e+09	  -1.6423415349003639e+09	  -1.6070322761053178e+07	   6.5710058744103205e+08	
   4.3992390725491308e+07	  -4.5105780717238121e+09	  -3.5195902769512320e+09	  -1.6142017033380520e+09	  -2.3807411575212080e+07	  -9.6017159127312970e+08	
   4.4291481192207590e+07	  -3.2447277660941267e+09	  -2.3253998997899060e+09	  -1.4730189698824761e+09	  -1.6659944165522924e+07	   1.2011896806427059e+09	
   4.4590264004319921e+07	  -3.1177851489588752e+09	  -2.1936627477488413e+09	  -1.5647547670943273e+07	  -1.9113995619301595e+07	   1.2715192155552237e+09	
   4.4889618820758566e+07	  -5.2910785771389189e+09	  -4.1981110397732453e+09	  -1.6973462594031072e+09	  -1.3794978736641443e+08	  -1.4952259630274293e+09	
   4.5188556018474028e+07	  -3.3813816060540142e+09	  -2.4252680315142879e+09	  -8.2838896475284964e+07	  -1.8535274211459350e+07	   1.0330323402361127e+09	
   4.5487524336304359e+07	  -1.3093453973881867e+09	  -2.9068346317386508e+08	   1.6999126022750497e+09	   3.6803846868426476e+09	   5.6170919860829420e+09	
   4.5787256373205602e+07	  -1.3035166858737886e+09	  -1.8481676636054963e+08	   1.8544249331697938e+09	   3.8833792284477310e+09	   5.8342389851881847e+09	
   4.6086085515858889e+07	   1.5019005985641220e+09	   3.5706245020507951e+09	   5.6065960812094173e+09	   7.5092546512329760e+09	   9.2838985191604977e+09	
   4.6384955500934079e+07	  -5.2784597846815467e+08	   1.4663652994441230e+09	   3.4816867994428372e+09	   5.4833587654611435e+09	   7.3575545188697262e+09	
   4.6684151320999041e+07	   2.8057757498595510e+09	   4.8984426460704155e+09	   6.9166307342070904e+09	   8.7791513449612656e+09	   1.0509502886530514e+10	
   4.6983479484544940e+07	   4.6099514816434355e+09	   6.6467819425070448e+09	   8.5732255017240868e+09	   1.0336299972681074e+10	   1.1990137169746735e+10	
   4.7282479333091818e+07	   4.1314224558935022e+09	   6.1763245805890160e+09	   8.1230360829688244e+09	   9.9058495288078289e+09	   1.1583994027578215e+10	
   4.7581948017736651e+07	   8.6745468583551731e+09	   1.0553153279801298e+10	   1.2239355919718412e+10	   1.3740561442861353e+10	   1.5239803295787569e+10	
   4.7881552976618610e+07	   6.4343573432990513e+09	   8.4638694118265743e+09	   1.0325083914479961e+10	   1.1973523713615408e+10	   1.3592169731568033e+10	
   4.8180867911796324e+07	   6.9637514071248550e+09	   8.9495607828736610e+09	   1.0790441051906258e+10	   1.2410180191761143e+10	   1.3999271876908741e+10	
   4.8480134845501885e+07	   1.3432534277460072e+10	   1.5052213907449425e+10	   1.6470469137035833e+10	   1.7683600365568298e+10	   1.9017821164699974e+10	
   4.8779106079236217e+07	   7.3731022714585257e+09	   9.3634936528673058e+09	   1.1200739020557613e+10	   1.2795901234182732e+10	   1.4384149494899305e+10	
   4.9077356857134834e+07	   1.0450377073978914e+10	   1.2265985998315987e+10	   1.3900957969791224e+10	   1.5288884938137512e+10	   1.6740292226140121e+10	
   4.9375537237434767e+07	   7.3439735557589455e+09	   9.3504686793387985e+09	   1.1222723537480696e+10	   1.2829153620838270e+10	   1.4431949844548489e+10	
   4.9674944721674800e+07	   1.1409151686461832e+10	   1.3192807941248228e+10	   1.4801028317244032e+10	   1.6144336081358648e+10	   1.7560363944929264e+10	
   4.9974398364050709e+07	   1.0948361489706715e+10	   1.2764661607367155e+10	   1.4408178934034678e+10	   1.5781824344152685e+10	   1.7218352711085712e+10	
   5.0273980443845972e+07	   1.1036091801959824e+10	   1.2818880875053713e+10	   1.4445938943736755e+10	   1.5805903917625237e+10	   1.7202066730062248e+10	
   5.0573553735992856e+07	   1.3937671517862402e+10	   1.5531401086572710e+10	   1.6989601093722486e+10	   1.8187113316162609e+10	   1.9460152482983997e+10	
   5.0872900204339534e+07	   1.0861043146795610e+10	   1.2680850055146061e+10	   1.4380172733275743e+10	   1.5797059045287973e+10	   1.7236984622138702e+10	
   5.1172007921859443e+07	   1.1853938061872192e+10	   1.3631474298080536e+10	   1.5293220338681610e+10	   1.6656689978486326e+10	   1.8058948178860249e+10	
   5.1471644773456201e+07	   1.7874274768487465e+10	   1.9194222039176823e+10	   2.0460208967845016e+10	   2.1412518486352322e+10	   2.2508305714645603e+10	
   5.1771159801052585e+07	   1.5705754562871685e+10	   1.7188824353440468e+10	   1.8609686493132248e+10	   1.9709793289880421e+10	   2.0889924810925228e+10	
   5.2069813733980954e+07	   1.4779683031197800e+10	   1.6347901171197628e+10	   1.7856082540577824e+10	   1.9041999177622478e+10	   2.0277216455355698e+10	
   5.2368336437490307e+07	   1.3113678021700439e+10	   1.4829081419601650e+10	   1.6472176575012003e+10	   1.7799187266724354e+10	   1.9118727141731880e+10	
   5.2667761482737124e+07	   2.0358813952757446e+10	   2.1532054664554825e+10	   2.2658323812120918e+10	   2.3802884102345543e+10	   2.9358501220370899e+10	
   5.2967518015548281e+07	   1.5378323420706816e+10	   1.6931597325442419e+10	   1.8440067368148796e+10	   1.9681638714393181e+10	   2.0887794077042641e+10	
   5.3267518015548281e+07	   2.1858804760970318e+10	   2.2942742726712292e+10	   2.3941170960556957e+10	   2.4791034867967709e+10	   2.5676528020006062e+10	
   5.3567518015548281e+07	   2.0848402697240528e+10	   2.2016108322071476e+10	   2.3075568337102062e+10	   2.4022001430363789e+10	   2.4971656063792725e+10	
   5.3867379607278027e+07	   1.9594726543015137e+10	   2.0880572851441998e+10	   2.2050164262452850e+10	   2.3119078499261784e+10	   2.4161724651180992e+10	
   5.4166135391858980e+07	   1.9213851057081356e+10	   2.0532782795235775e+10	   2.1709862416355377e+10	   2.2815293800690460e+10	   2.3899557117645329e+10	
   5.4466135391858980e+07	   1.9936881691249973e+10	   2.1227445170230892e+10	   2.2317261095358883e+10	   2.3391365639062168e+10	   2.4481979055242817e+10	
   5.4765838952311680e+07	   2.3154706324707298e+10	   2.4226838594287857e+10	   2.5043848805209229e+10	   2.9579303442756790e+10	   3.5032166417258614e+10	
   0.0000000000000000e+00	   0.0000000000000000e+00	   0.0000000000000000e+00	   0.0000000000000000e+00	   0.0000000000000000e+00	   0.0000000000000000e+00	
