   1.8670287737904349e-02	   0.0000000000000000e+00	   0.0000000000000000e+00	   0.0000000000000000e+00	   0.0000000000000000e+00	   0.0000000000000000e+00	
   5.9396639123939149e+03	   0.0000000000000000e+00	   0.0000000000000000e+00	   0.0000000000000000e+00	   0.0000000000000000e+00	   0.0000000000000000e+00	
   1.0149066792367355e+05	   0.0000000000000000e+00	   0.0000000000000000e+00	   0.0000000000000000e+00	   0.0000000000000000e+00	   0.0000000000000000e+00	
   2.8784106062421837e+05	   0.0000000000000000e+00	   0.0000000000000000e+00	   0.0000000000000000e+00	   0.0000000000000000e+00	   0.0000000000000000e+00	
   5.0259686515621707e+05	   0.0000000000000000e+00	   0.0000000000000000e+00	   0.0000000000000000e+00	   0.0000000000000000e+00	   0.0000000000000000e+00	
   7.6531509954058460e+05	   0.0000000000000000e+00	   0.0000000000000000e+00	   0.0000000000000000e+00	   0.0000000000000000e+00	   0.0000000000000000e+00	
   1.0635052326626484e+06	   0.0000000000000000e+00	   0.0000000000000000e+00	   0.0000000000000000e+00	   0.0000000000000000e+00	   0.0000000000000000e+00	
   1.3635052326626484e+06	   2.9439988238138530e+12	   2.5782487984738613e+12	   2.2373860018288340e+12	   1.9897830758908740e+12	   1.7626673511914875e+12	
   1.6635052326626484e+06	   1.1419276061363777e+13	   8.7315271122954980e+12	   6.5830484166337109e+12	   5.0241551537508467e+12	   4.0651239028988682e+12	
   1.9635052326626484e+06	   7.5585406234052531e+13	   6.6323560281778898e+13	   5.5635553075057000e+13	   5.4703739953265219e+13	   5.1037775636022750e+13	
   2.2635052326626484e+06	   3.0911332124548206e+14	   3.1021623040457875e+14	   2.7976295760535297e+14	   2.9542801669608356e+14	   2.7553117560578053e+14	
   2.5635052326626484e+06	   2.5639208470618438e+14	   2.5473835543322197e+14	   2.3236305531284278e+14	   2.3026725820329672e+14	   2.4353298978608753e+14	
   2.8635052326626484e+06	   9.4364700734007312e+14	   9.6583706883822325e+14	   1.0198177896746652e+15	   1.0344437886436142e+15	   1.0349188590273761e+15	
   3.1635052326626484e+06	   7.1598292267773000e+14	   8.1946162499437850e+14	   8.5647340813072500e+14	   8.2311020575874950e+14	   9.5421660336359562e+14	
   3.4635052326626484e+06	   4.7543757147386875e+14	   5.5680359183153200e+14	   6.7330662791599925e+14	   8.0744336253768675e+14	   9.2093257037344988e+14	
   3.7565857586918855e+06	   8.3999771258374488e+14	   8.9722153115033612e+14	   9.3442254606213612e+14	   9.1695673068895538e+14	   9.4610700082292788e+14	
   4.0326427023344999e+06	   2.5405079042262288e+14	   2.4851343434688622e+14	   2.3356631976337112e+14	   2.3557758642926388e+14	   2.4387549142133381e+14	
   4.3084043375901170e+06	   2.9344068845885769e+14	   2.9698822322075894e+14	   3.0221757164913775e+14	   2.6066818870554109e+14	   2.7360282382206403e+14	
   4.6041625657933699e+06	   7.9758032681909547e+13	   7.6026534070073438e+13	   6.0612539966399828e+13	   5.8771684831523297e+13	   6.1208454877867648e+13	
   4.7090913736508489e+06	   8.3458826067906016e+13	   8.7882747939565719e+13	   1.9537532622126797e+14	   7.3719472211963938e+13	   8.5944729742808828e+13	
   4.8050697334953006e+06	   1.2199673189325602e+14	   1.2128709919199625e+14	   2.1293694759863981e+14	   3.1827983848745994e+14	   3.5686973642351319e+14	
   4.9442190370601313e+06	   3.1937149231183594e+14	   3.4959921328302675e+14	   3.7222833087739900e+14	   3.4877352416922612e+14	   3.5888742609394188e+14	
   5.0692810098339431e+06	   1.1396663155295967e+14	   2.3030982617383341e+14	   1.9064905858415722e+14	   3.1471870225106056e+14	   1.1543171045654536e+14	
   5.1588038567108698e+06	   1.3179956281349602e+14	   1.1355105055342223e+14	   2.9087016804304956e+14	   4.4720756846135031e+14	   3.1806551634586988e+14	
   5.2510842648668978e+06	   6.2203585535476850e+14	   6.5870353809291675e+14	   6.1033931158116875e+14	   5.9129012464004250e+14	   4.6728343903321006e+14	
   5.3382104059257116e+06	   9.1651587376738062e+14	   1.0807775278350496e+15	   1.0115552943414019e+15	   8.8228321448909612e+14	   7.8218503641038912e+14	
   5.4163124069304317e+06	   3.8513188356136781e+14	   4.9238655328849975e+14	   6.1669853387109650e+14	   6.3527636297503350e+14	   5.3764794472492400e+14	
   5.4994301064309916e+06	   2.7260461127666006e+14	   3.1711837900775406e+14	   3.1121514346530262e+14	   2.9673869740841625e+14	   1.7661810818980797e+14	
   5.6115093153543379e+06	   2.0078959880490246e+13	   2.2537868247854254e+13	   1.8388745887796695e+13	   2.3307354256636789e+13	   9.3254348146699297e+12	
   5.7686120378749613e+06	   7.2859891635603859e+13	   6.8504235086180766e+13	   6.9963166297613625e+13	   6.8403655475346906e+13	   7.5383111924591812e+13	
   5.9852970428882232e+06	   5.2865501322966141e+13	   4.6860666888835406e+13	   5.3950167536373672e+13	   6.1070767078866180e+13	   6.9813597648530508e+13	
   6.2704114352249941e+06	   5.0854481086675773e+13	   6.0188594240617344e+13	   6.8646530028298727e+13	   7.8331970129547219e+13	   7.9021765589744109e+13	
   6.5704114352249941e+06	   1.0935060388242893e+13	   4.0735931939376344e+13	   5.9983682165953656e+13	   6.0387833569077148e+13	   6.0664420293936734e+13	
   6.8704114352249941e+06	  -1.3516829998682129e+13	  -1.4160827607733244e+13	  -9.6467660192067441e+12	   2.2848778590673035e+11	   7.4879436510208242e+12	
   7.1704114352249941e+06	  -6.6274599550469844e+13	  -6.0949270191568453e+13	  -5.7561487217320719e+13	  -6.0710300747839828e+13	  -5.4568510732318430e+13	
   6.4006759390987642e+06	   7.0942664118001035e+12	   3.3310154758994473e+12	   2.7557309843470586e+12	   1.6307236373779778e+12	   3.9907583723519739e+11	
   6.4057174395987364e+06	  -9.3812463054036348e+12	  -8.4373994190762773e+12	  -5.3543337423867725e+12	  -4.0090988681201343e+12	  -2.7261361999251626e+12	
   6.4639451220438434e+06	  -1.1315578423107498e+13	  -1.2546449430113322e+13	  -9.8147847982826855e+12	  -6.7111287234700771e+12	  -6.1169538865729316e+12	
   6.7474510722685661e+06	  -1.4450942375709939e+13	  -1.2135504482577125e+13	  -1.0465407281555771e+13	  -8.2510423182848037e+12	  -6.1966645555643193e+12	
   7.0437477317863246e+06	  -2.7068827261469116e+12	  -2.3434509360762134e+12	  -1.9112520044731252e+12	  -1.8421831808672156e+12	  -1.8008006227999951e+12	
   7.3002742381659318e+06	  -1.3981240786690610e+12	  -1.2243953749373696e+12	  -1.0596169258144077e+12	  -1.1313981723053181e+12	  -8.6192434924934705e+11	
   7.5481116831569318e+06	  -1.0272609556210228e+12	  -8.8833752875629358e+11	  -7.6411500961137842e+11	  -6.5260385766788171e+11	  -4.9223901995152667e+11	
   7.7706010014812257e+06	  -8.5549205414964478e+11	  -6.6750362440465857e+11	  -5.0704608038847925e+11	  -3.9037488817448682e+11	  -2.9676843130192902e+11	
   8.0672811756651243e+06	  -7.5099086445845789e+11	  -5.9122641557157117e+11	  -4.7806031335869067e+11	  -3.8143884876006683e+11	  -3.1039927718276868e+11	
   8.3672811756651243e+06	  -7.4788774090657068e+11	  -6.4368079820045642e+11	  -5.6000591732317651e+11	  -4.8835851199581360e+11	  -4.4572695954229388e+11	
   8.6672811756651234e+06	  -6.9831757578451221e+11	  -6.1274067767426575e+11	  -5.4145077757908868e+11	  -4.8138795404130566e+11	  -4.3777023808897729e+11	
   8.9672811756651253e+06	  -7.9064215586151135e+11	  -7.1526710223572974e+11	  -6.5106763689997949e+11	  -6.0587580762159778e+11	  -5.6418972977558936e+11	
   9.2672811756651253e+06	  -8.4482765633096667e+11	  -7.2269661544126343e+11	  -6.2974023853930920e+11	  -5.6851732241936829e+11	  -5.1621857877475427e+11	
   9.5672811756651253e+06	  -7.7089852683093958e+11	  -6.7272280488910034e+11	  -6.0337889087883069e+11	  -5.4573860831172321e+11	  -5.0245120120729340e+11	
   9.8672811756651253e+06	  -8.6553047112435718e+11	  -7.5740796782928833e+11	  -6.7873506758859131e+11	  -6.2102759615857300e+11	  -5.7297364228080945e+11	
   1.0167281175665125e+07	  -1.0168997021429933e+12	  -9.0045799433920667e+11	  -8.1437729506852063e+11	  -7.4568825842605139e+11	  -6.8970582909300366e+11	
   1.0467281175665125e+07	  -9.7277687852811719e+11	  -8.7000456124024316e+11	  -7.9611931074942249e+11	  -7.4057136790622266e+11	  -6.9698752960117725e+11	
   1.0767281175665125e+07	  -1.2163932968012629e+12	  -1.0914534585268223e+12	  -9.9856104645470081e+11	  -9.2853291929443994e+11	  -8.7966966699362183e+11	
   1.1067281175665125e+07	  -1.3682094341796584e+12	  -1.2857917855355361e+12	  -1.2096704909609070e+12	  -1.1531493212242363e+12	  -1.1189249988457568e+12	
   1.1367281175665125e+07	  -1.3670598879925325e+12	  -1.2783572391506992e+12	  -1.2036353420206555e+12	  -1.1430676682754226e+12	  -1.1154950686689216e+12	
   1.1667281175665125e+07	  -1.3699859686721389e+12	  -1.2645044454655781e+12	  -1.1752056343168008e+12	  -1.1013438632237437e+12	  -1.0476071238795529e+12	
   1.1967281175665125e+07	  -1.5200996895162354e+12	  -1.3892602733502935e+12	  -1.2752074170979065e+12	  -1.1706312795375913e+12	  -1.0832260874854901e+12	
   1.2267281175665125e+07	  -1.5616060131008167e+12	  -1.4240001530195898e+12	  -1.3003191028828330e+12	  -1.1892014983303386e+12	  -1.0855361100914468e+12	
   1.2567281175665125e+07	  -1.3509723803907327e+12	  -1.2298097064792725e+12	  -1.1235212522255637e+12	  -1.0245892541695490e+12	  -9.3777893223020703e+11	
   1.2867281175665125e+07	  -1.6436309407552014e+12	  -1.5579196919294019e+12	  -1.4833170781245920e+12	  -1.4288319799613438e+12	  -1.3835486520136357e+12	
   1.3167281175665125e+07	  -1.1751135889985840e+12	  -1.0673650701989421e+12	  -9.6939217862668994e+11	  -8.8406767158181360e+11	  -8.0863844295968628e+11	
   1.3467281175665125e+07	  -9.7913337820752917e+11	  -8.9719446721541541e+11	  -8.2580011094235889e+11	  -7.6255399013986609e+11	  -7.0672082683886487e+11	
   1.3767281175665125e+07	  -7.4631973326066736e+11	  -6.7641697964477063e+11	  -6.1738279993851294e+11	  -5.6487307421351892e+11	  -5.1939508960649988e+11	
   1.4067281175665125e+07	  -6.8690038978192664e+11	  -6.1821696109089258e+11	  -5.6127827544653491e+11	  -5.1231121986565021e+11	  -4.6990090702533044e+11	
   1.4367281175665125e+07	  -8.4462750011998730e+11	  -7.5951620389392310e+11	  -6.8741775194007458e+11	  -6.2561097304847034e+11	  -5.7310911257336243e+11	
   1.4667281175665125e+07	  -6.2857960134685461e+11	  -5.6315450306327209e+11	  -5.0993274723764453e+11	  -4.6651989259885614e+11	  -4.2789457588191461e+11	
   1.4967281175665125e+07	  -6.3955824419518213e+11	  -5.7539176310390820e+11	  -5.2191047195516376e+11	  -4.7655903840816229e+11	  -4.4056984181042902e+11	
   1.5267281175665125e+07	  -7.8860562970618018e+11	  -7.0916235464930103e+11	  -6.4183324971766394e+11	  -5.8304867730489368e+11	  -5.3391113354715192e+11	
   1.5567281175665125e+07	  -6.3944994123641589e+11	  -5.7836855991967822e+11	  -5.2890563919564832e+11	  -4.8699589946216058e+11	  -4.5245062745598785e+11	
   1.5867281175665125e+07	  -8.2257188914406165e+11	  -7.4801668165478052e+11	  -6.8735275829560632e+11	  -6.3519645610480225e+11	  -5.9238829663745728e+11	
   1.6167230191145094e+07	  -9.0759990812296936e+11	  -8.3860502640510742e+11	  -7.8323301265406433e+11	  -7.3667138445127771e+11	  -7.0038022843216785e+11	
   1.6467230191145094e+07	  -8.0092598717227173e+11	  -7.3241638714250720e+11	  -6.7538477480685559e+11	  -6.2481588158235950e+11	  -5.8277070032235303e+11	
   1.6767230191145094e+07	  -6.8283756208669336e+11	  -6.3365163951754175e+11	  -5.9362567078919751e+11	  -5.5977457671034009e+11	  -5.3175765861065778e+11	
   1.7067230191145096e+07	  -1.3674117838979253e+12	  -1.3873278223089282e+12	  -1.4652021505656873e+12	  -1.6120754455877275e+12	  -1.8570133666732222e+12	
   1.7367230191145096e+07	  -2.0833325019919595e+12	  -1.6013541385756646e+12	  -1.2950353894953950e+12	  -1.0910461038513042e+12	  -9.3922222167710254e+11	
   1.7667230191145096e+07	  -8.3495876193450696e+11	  -7.3903168476297449e+11	  -6.5893883928533960e+11	  -5.9131083005430652e+11	  -5.3822331231629108e+11	
   1.7967230191145096e+07	  -7.5687851962698962e+11	  -6.8004176218751514e+11	  -6.1551894645153625e+11	  -5.6319197805598438e+11	  -5.2573859122045038e+11	
   1.8267186445917029e+07	  -7.2131555069778479e+11	  -6.5835733882533325e+11	  -5.9175520541138879e+11	  -5.3968005877037518e+11	  -5.0583038994804395e+11	
   1.8567186445917029e+07	  -7.1795319883167200e+11	  -6.5198295694003711e+11	  -5.9851435920823279e+11	  -5.4658180811147772e+11	  -5.1635853826252997e+11	
   1.8867186445917029e+07	  -5.0925715257884100e+11	  -4.9397221001803656e+11	  -4.6096546945778357e+11	  -4.0641183654553839e+11	  -3.6554873180576959e+11	
   1.9167186445917029e+07	  -6.4466859998538550e+11	  -5.9045715966649939e+11	  -5.3639720793194482e+11	  -4.8853468682082300e+11	  -4.5675748272739929e+11	
   1.9467177911017306e+07	  -4.6728159263682739e+11	  -4.3288631290292291e+11	  -4.1154036317250226e+11	  -3.7609438128391040e+11	  -3.5906184814840350e+11	
   1.9767162595838189e+07	  -6.3414820688501233e+11	  -6.1388093452839392e+11	  -5.4473874632998059e+11	  -4.9709586274795258e+11	  -4.8689984697633954e+11	
   2.0067162595838189e+07	  -6.0564508219697925e+11	  -5.5469810603635840e+11	  -5.1724995667452637e+11	  -4.7890648665453430e+11	  -4.6003793402167285e+11	
   2.0367162595838189e+07	  -5.7382529495198987e+11	  -5.2713188638173389e+11	  -5.0054521909350031e+11	  -4.6202830299635535e+11	  -4.4225612378434009e+11	
   2.0667162595838189e+07	  -5.8741896014599646e+11	  -5.4640801223919312e+11	  -5.2666605676968304e+11	  -5.0073266693322766e+11	  -5.1723968656409271e+11	
   2.0967067851825092e+07	  -5.8110245843711902e+11	  -5.3819351686970538e+11	  -5.1360787263903650e+11	  -4.9628130598429480e+11	  -5.2494601979016577e+11	
   2.1267067851825092e+07	  -6.0599887645769019e+11	  -5.6636471674023572e+11	  -5.4617764756876147e+11	  -5.5415918456278064e+11	  -7.8145264028760852e+11	
   2.1567006367039390e+07	  -6.2511975466226221e+11	  -5.8961937896047742e+11	  -5.8708613930221680e+11	  -5.9390706674240662e+11	  -7.8577457439803430e+11	
   2.1866459113723204e+07	  -5.9749976433999182e+11	  -5.6193698295613586e+11	  -5.5633316627802478e+11	  -5.8716829888447510e+11	  -1.1613379146432480e+12	
   2.2166459113723204e+07	  -4.4575544182244348e+11	  -4.1972445300412787e+11	  -4.1390822671070575e+11	  -4.1044358844761224e+11	  -6.1045817884795874e+11	
   2.2466459113723204e+07	  -5.9945946624091296e+11	  -5.6788766416513013e+11	  -5.6502440115509290e+11	  -6.1668032210165625e+11	  -1.6955329580195415e+12	
   2.2766431325528894e+07	  -5.4753812810993250e+11	  -5.1596198625303790e+11	  -5.0570113259636707e+11	  -5.2125932557659558e+11	  -7.3814623312340002e+11	
   2.3066219370569121e+07	  -5.5606085896623572e+11	  -5.2586641732453229e+11	  -5.1765628449948608e+11	  -5.7600833789905920e+11	  -1.0340329845489574e+12	
   2.3366219370569121e+07	  -5.5820251176274048e+11	  -5.2442879415759882e+11	  -5.0687580673956531e+11	  -5.2206772603544476e+11	  -8.2254127170719348e+11	
   2.3666219370569121e+07	  -5.3468393520652637e+11	  -4.9790960700795520e+11	  -4.7942777068432562e+11	  -4.9274763753461481e+11	  -6.5815716411341199e+11	
   2.3966136138312936e+07	  -5.0555922045436719e+11	  -4.6451017571842163e+11	  -4.3204979312783374e+11	  -4.1565789890112897e+11	  -4.3852988817267279e+11	
   2.4266136138312936e+07	  -4.6484767081056531e+11	  -4.2847822512860284e+11	  -3.9867143221268475e+11	  -3.8116095240128729e+11	  -3.9241750502342108e+11	
   2.4565908843280248e+07	  -4.7415517489363129e+11	  -4.3516229430812195e+11	  -4.0551620177393024e+11	  -4.0241938687354938e+11	  -5.8361652647138245e+11	
   2.4865776188458785e+07	  -4.4684742829114154e+11	  -4.1019426220729187e+11	  -3.8290327345181213e+11	  -3.7134807551031219e+11	  -3.9818700595397528e+11	
   2.5165776188458785e+07	  -4.3077713611643848e+11	  -3.9336175077096271e+11	  -3.6264719499087439e+11	  -3.4654801792713361e+11	  -3.5722967208017676e+11	
   2.5465776188458785e+07	  -4.2884125337517670e+11	  -3.9068273281936176e+11	  -3.6234536513675061e+11	  -3.4352905415822650e+11	  -3.5428157995190155e+11	
   2.5765770933911014e+07	  -4.9218429410807208e+11	  -4.6594428669370972e+11	  -4.6466429575760626e+11	  -5.1169428673513989e+11	  -9.6829330478493323e+11	
   2.6065689909654677e+07	  -4.9256217556121027e+11	  -4.7252672691899658e+11	  -4.8893367142729510e+11	  -9.0913091823342017e+11	  -6.0299582644150513e+11	
   2.6365445252432492e+07	  -5.1171841897715216e+11	  -5.0316325083733228e+11	  -5.9155575851043408e+11	  -1.2432828090729915e+12	  -3.2814614918730743e+11	
   2.6665325070185561e+07	  -4.3091262637158923e+11	  -4.4310465311536011e+11	  -5.9215761468793542e+11	  -1.2039335065322217e+12	  -2.7236955627582214e+11	
   2.6965162269561615e+07	  -5.0037623378454852e+11	  -6.5584871338534082e+11	  -1.5243122075664824e+12	  -3.5257690156148792e+11	  -2.1949612716433212e+11	
   2.7259441415199976e+07	  -7.6398103287710815e+11	  -1.6929821126073320e+12	  -9.4513917958386340e+11	  -3.4477583977174554e+11	  -2.5386797576657709e+11	
   2.7554002789043423e+07	  -7.6915503966918811e+11	  -1.7662074598026311e+12	  -6.7568123781825818e+11	  -3.3193679104030585e+11	  -2.4956313086929553e+11	
   2.7852547911529373e+07	  -1.0772902303322623e+12	  -1.7578519263021284e+12	  -5.2384049908978473e+11	  -3.4177471980112671e+11	  -2.6367519587205426e+11	
   2.8151514125213578e+07	  -1.7850602193572146e+12	  -1.2197582529542332e+12	  -4.6190944787926880e+11	  -3.2149786600627673e+11	  -2.5483464523660657e+11	
   2.8451384234764811e+07	  -1.5480423249437175e+12	  -1.3410149535232708e+12	  -4.7984026921511420e+11	  -3.3079421345619336e+11	  -2.5509567462936990e+11	
   2.8751083654828072e+07	  -2.3000472101122256e+12	  -7.1880162924075134e+11	  -3.9205557538728821e+11	  -2.8863539497825464e+11	  -2.3214241170945474e+11	
   2.9050685318968266e+07	  -1.9768256136239204e+12	  -7.4181077404194519e+11	  -3.9960910506639709e+11	  -2.9645403677806763e+11	  -2.3645866579679407e+11	
   2.9349217133253314e+07	  -2.0834872353267195e+12	  -6.2936696140418872e+11	  -3.8012222828219055e+11	  -2.8393679028387585e+11	  -2.2916267569275482e+11	
   2.9649067663410634e+07	  -1.8286251807502131e+12	  -5.8359317912692786e+11	  -3.5922625189381750e+11	  -2.7548011372053802e+11	  -2.2324268518735168e+11	
   2.9948836067728180e+07	  -1.7887467446590361e+12	  -7.0773346314464990e+11	  -3.8202848504366174e+11	  -2.8048347887856781e+11	  -2.2462986128353812e+11	
   3.0248537085566636e+07	  -1.2842805742653792e+12	  -9.8871894356178113e+11	  -3.7554497565000732e+11	  -2.7113146432644501e+11	  -2.1801455297825183e+11	
   3.0548281703618407e+07	  -1.2715650792583428e+12	  -5.7916481241092822e+11	  -2.6908263585823953e+11	  -2.0235552229769754e+11	  -1.6397438829751889e+11	
   3.0847183326403435e+07	  -1.5348606420118225e+12	  -1.0772384375142091e+12	  -3.4671450936572980e+11	  -2.5899785518899753e+11	  -2.0915040310220142e+11	
   3.1146494635142740e+07	  -1.2774089997468630e+12	  -7.9016563932897607e+11	  -3.3065112545825287e+11	  -2.4125480414985599e+11	  -1.9568728317524716e+11	
   3.1446061690800503e+07	  -1.5523734771130608e+12	  -5.3462512057691321e+11	  -3.0361916413775403e+11	  -2.2946101878207309e+11	  -1.8639351960805392e+11	
   3.1744241247455496e+07	  -1.4093608239665225e+12	  -4.5906426268693530e+11	  -2.9502854441417755e+11	  -2.2749525960988220e+11	  -1.8585951690035730e+11	
   3.2043963462360483e+07	  -1.2158609513061614e+12	  -3.9574143168193652e+11	  -2.6853878160465002e+11	  -2.0987716374901645e+11	  -1.7243128505028784e+11	
   3.2343908059627630e+07	  -1.2173688316936719e+12	  -4.5340904281915448e+11	  -2.7581133716724597e+11	  -2.1109051186730969e+11	  -1.7173419950434128e+11	
   3.2642104579982027e+07	  -1.2198900830390037e+12	  -4.5763786185840942e+11	  -2.6500565323731589e+11	  -2.0260873767847586e+11	  -1.6540267019610666e+11	
   3.2940601570543088e+07	  -1.1269180414053330e+12	  -3.8162029388290369e+11	  -2.4637833073376831e+11	  -1.9191941002844980e+11	  -1.5809709649216016e+11	
   3.3239088512293424e+07	  -1.0674573789143669e+12	  -3.3583029775283008e+11	  -2.2902102129582867e+11	  -1.8041577171628064e+11	  -1.4978451866489734e+11	
   3.3533077736148998e+07	  -1.0231045219286156e+12	  -4.2572185779095551e+11	  -2.5048209192154486e+11	  -1.9179494465561368e+11	  -1.5844238422070413e+11	
   3.3832526222623229e+07	  -6.2799854646755029e+11	  -5.7281180321541565e+11	  -2.3316524563226328e+11	  -1.6993347479083435e+11	  -1.3870647516593448e+11	
   3.4132525287214115e+07	  -4.7903720231323175e+11	  -6.1780775422752136e+11	  -2.4155668363647855e+11	  -1.7263440727516199e+11	  -1.3983982066571494e+11	
   3.4431947360938795e+07	  -5.8087038789517688e+11	  -4.3933064258045966e+11	  -2.3260646303289810e+11	  -1.7035800808430627e+11	  -1.3876357321396533e+11	
   3.4731836963781863e+07	  -5.6162161465792200e+11	  -4.6756442562199780e+11	  -2.1650589325737061e+11	  -1.5734505122045648e+11	  -1.2913348833992348e+11	
   3.5031248482030295e+07	  -4.4115372280276160e+11	  -4.1887441317955280e+11	  -1.8743188194727319e+11	  -1.4261617868494992e+11	  -1.1747424149078207e+11	
   3.5330580438533068e+07	  -3.8128408957658325e+11	  -4.6462856353494232e+11	  -1.8615097085620441e+11	  -1.3658239154165306e+11	  -1.1225446998772777e+11	
   3.5630370893680967e+07	  -3.8868358931678589e+11	  -4.7547038317123260e+11	  -1.8618277184603149e+11	  -1.3661760540312013e+11	  -1.1288697036646815e+11	
   3.5929750481636114e+07	  -3.7006828635978723e+11	  -4.5856553913020496e+11	  -1.8128672917201196e+11	  -1.3515955537403964e+11	  -1.1151850411480608e+11	
   3.6228162854336388e+07	  -2.7836275121636169e+11	  -6.5699060184479480e+11	  -2.3235640632208649e+11	  -1.3913138282927667e+11	  -1.1250881785256403e+11	
   3.6519755547324359e+07	  -2.5003949514470822e+11	  -4.3701927640084033e+11	  -2.3904774569442178e+11	  -1.3421732619517328e+11	  -1.0648346995886002e+11	
   3.6817115257002711e+07	  -2.2503449920867532e+11	  -2.8818940354312354e+11	  -3.0118281468845380e+11	  -1.3200893233163417e+11	  -1.0333794108054904e+11	
   3.7114139424181141e+07	  -2.4506733687850458e+11	  -4.0829775428409021e+11	  -1.9829389565675793e+11	  -1.2892025040297122e+11	  -1.0361562968934573e+11	
   3.7412012543575786e+07	  -2.3094444642911682e+11	  -2.7217140885597879e+11	  -3.1662759498203796e+11	  -1.3387005919489465e+11	  -1.0472946220211794e+11	
   3.7711624444894768e+07	  -2.0228980063069592e+11	  -2.5958703934195148e+11	  -2.9552958565752948e+11	  -1.2279647850025816e+11	  -9.5490850653839798e+10	
   3.8010131745076083e+07	  -2.0426035752810330e+11	  -2.5250317064768570e+11	  -2.8921981941736517e+11	  -1.1871362114102153e+11	  -9.4400118209568466e+10	
   3.8309104020458713e+07	  -2.0575911928186044e+11	  -3.1113508428474866e+11	  -2.1456653346224887e+11	  -1.1037089456576077e+11	  -8.7247071128891785e+10	
   3.8607432359094612e+07	  -2.1612522579667361e+11	  -2.7298739900986716e+11	  -2.3476839147130359e+11	  -1.0616984503849942e+11	  -8.6077330550337753e+10	
   3.8904857792751640e+07	  -1.3399511627154164e+11	  -2.0880287074046225e+11	  -1.4083339151943076e+11	  -7.3967707598226044e+10	  -5.8137894936185936e+10	
   3.9203553579800956e+07	  -1.2340400448725499e+11	  -1.5386695562354150e+11	  -1.3769034185173721e+11	  -6.4181805204540520e+10	  -5.1636628876935760e+10	
   3.9503217142576635e+07	  -1.7392829368168454e+11	  -2.5490705142077710e+11	  -1.6161010841250504e+11	  -9.0489646347767456e+10	  -7.3156819610619537e+10	
   3.9801819454252340e+07	  -1.9170815455204019e+11	  -2.7703896692753644e+11	  -2.9585737226731671e+11	  -1.0630822740420769e+11	  -8.3882297470418427e+10	
   4.0101118460897602e+07	  -1.7607254535014166e+11	  -2.0852910837496362e+11	  -2.2454136072017288e+11	  -9.7906292062224854e+10	  -7.7488592988235397e+10	
   4.0400134788432077e+07	  -1.6405013167895773e+11	  -2.1221703851445874e+11	  -2.7374181218704846e+11	  -8.9529920797515915e+10	  -7.0427166855291138e+10	
   4.0699587776717305e+07	  -1.6495077368136597e+11	  -1.8975355003043527e+11	  -2.5439847601489313e+11	  -9.3176867567380417e+10	  -7.2645247804180588e+10	
   4.0998724194120593e+07	  -1.4244561361614883e+11	  -1.7669327938361133e+11	  -2.0601222046934750e+11	  -7.9769697992818054e+10	  -6.1909531527604424e+10	
   4.1298339978327282e+07	  -1.4131783166773904e+11	  -1.5896353180616339e+11	  -1.8528684716782599e+11	  -9.0355442415268234e+10	  -6.6829174368249542e+10	
   4.1596746946148969e+07	  -1.3887950826553528e+11	  -1.5788502149196558e+11	  -2.3108521157365201e+11	  -8.2195827969724731e+10	  -6.1859052834555038e+10	
   4.1896198397140272e+07	  -1.2372266476651250e+11	  -1.4329168038370779e+11	  -1.5702747084479138e+11	  -7.3591593865932327e+10	  -5.6415138725261368e+10	
   4.2195691866570674e+07	  -1.1914731280777129e+11	  -1.3086147127357799e+11	  -1.6248413165070920e+11	  -8.3297584017802231e+10	  -5.9403032025319275e+10	
   4.2495230650362037e+07	  -1.1633762816146140e+11	  -1.4253983248777750e+11	  -1.2515029901883165e+11	  -6.6930703327702652e+10	  -5.0934315817999748e+10	
   4.2795057802811399e+07	  -1.1397559826756647e+11	  -1.1897606871349937e+11	  -1.4968857734525986e+11	  -7.4424981386364868e+10	  -5.4476909232069458e+10	
   4.3093737619061872e+07	  -8.5869790878804413e+10	  -8.3342209096588028e+10	  -9.6935081690972763e+10	  -7.6345053481423630e+10	  -4.5868955586360306e+10	
   4.3393452098180190e+07	  -1.0463851133061833e+11	  -1.2109245119534546e+11	  -1.5640299862501740e+11	  -7.1305156650479202e+10	  -5.0556470375401848e+10	
   4.3693074308705218e+07	  -8.6121337351437561e+10	  -1.0474649808959074e+11	  -1.0905155567384816e+11	  -5.1916256309154099e+10	  -3.8459387022396141e+10	
   4.3992390725491308e+07	  -8.9815206675368240e+10	  -9.0676069642033966e+10	  -1.1948646567530629e+11	  -5.8251351307367058e+10	  -4.2680860494587494e+10	
   4.4291481192207590e+07	  -8.0656979471366608e+10	  -8.4009607143559601e+10	  -8.0420149136904541e+10	  -5.3225007052831444e+10	  -3.8210085775070625e+10	
   4.4590264004319921e+07	  -8.1883130001565887e+10	  -8.7879918442055618e+10	  -8.0551673184398026e+10	  -5.2656902953664558e+10	  -3.7766109707389946e+10	
   4.4889618820758566e+07	  -9.6850688612109085e+10	  -1.0500361435233237e+11	  -1.4839904685954654e+11	  -7.3161382841006622e+10	  -4.8155146466107727e+10	
   4.5188556018474028e+07	  -8.1986687538480988e+10	  -8.4675157370652466e+10	  -9.7162987648281448e+10	  -5.8700182987584412e+10	  -3.9859459689530869e+10	
   4.5487524336304359e+07	  -6.5787239343949303e+10	  -6.9715696496941315e+10	  -8.0596283845065079e+10	  -4.8054875955077629e+10	  -3.1740295090048397e+10	
   4.5787256373205602e+07	  -6.0130516843559959e+10	  -5.7428899933743446e+10	  -6.4278289256017639e+10	  -8.7393247547395325e+10	  -3.2468187235134773e+10	
   4.6086085515858889e+07	  -5.3115262438851311e+10	  -5.2510375981154602e+10	  -6.1192001177929832e+10	  -4.4804111346658592e+10	  -2.4451562753756939e+10	
   4.6384955500934079e+07	  -5.9924586460775360e+10	  -5.8934672553997330e+10	  -7.6394638649694901e+10	  -6.2018474941239037e+10	  -3.0109567411386097e+10	
   4.6684151320999041e+07	  -5.1194837039080399e+10	  -4.9879048496226662e+10	  -7.0634249152726151e+10	  -4.1055323942108818e+10	  -2.5071321163861145e+10	
   4.6983479484544940e+07	  -3.2944506560672607e+10	  -3.1537165903881859e+10	  -4.6101141467852348e+10	  -2.8473793874592743e+10	  -1.8291193541945805e+10	
   4.7282479333091818e+07	  -4.5272720709882042e+10	  -4.1682097125921753e+10	  -4.2483775593026093e+10	  -6.6224077699930054e+10	  -2.5180360170312557e+10	
   4.7581948017736651e+07	  -3.6057735344454353e+10	  -3.4736213467635735e+10	  -5.3352904398895653e+10	  -2.6276131884444912e+10	  -1.5818695198284452e+10	
   4.7881552976618610e+07	  -4.4644191911788841e+10	  -4.2326928205381889e+10	  -6.4131770499891922e+10	  -3.5177394137965324e+10	  -2.0205286182386429e+10	
   4.8180867911796324e+07	  -3.6722209615180511e+10	  -3.8189387601531662e+10	  -3.7416869603098801e+10	  -2.8370219953620895e+10	  -1.7538227465976242e+10	
   4.8480134845501885e+07	  -2.4107082007906509e+10	  -2.6688336274497612e+10	  -3.7582923319717651e+10	  -2.0360971499346264e+10	  -9.3409735252121201e+09	
   4.8779106079236217e+07	  -3.9218245272632942e+10	  -4.1708465722197578e+10	  -4.4986148606718231e+10	  -4.1772715109571121e+10	  -1.9648830646083420e+10	
   4.9077356857134834e+07	  -3.2049924839715305e+10	  -4.8218526010179131e+10	  -3.7722021736480820e+10	  -2.5090560813247147e+10	  -1.3635952401936192e+10	
   4.9375537237434767e+07	  -4.1010689985019508e+10	  -4.5674043463430771e+10	  -3.8932678945183731e+10	  -3.1062870174571682e+10	  -1.8711305700336250e+10	
   4.9674944721674800e+07	  -3.1102539233272446e+10	  -2.9596028946182915e+10	  -2.9688067068554680e+10	  -2.2269732922917309e+10	  -1.2507309140410072e+10	
   4.9974398364050709e+07	  -3.7525435241184746e+10	  -5.0536756362005241e+10	  -4.8115429385967911e+10	  -2.1797323982761829e+10	  -1.4246641142829735e+10	
   5.0273980443845972e+07	  -3.1706421566524689e+10	  -3.5938172118233780e+10	  -3.7269571693468018e+10	  -2.4667499791206432e+10	  -1.1989365986820929e+10	
   5.0573553735992856e+07	  -2.3965239204418907e+10	  -2.3621961920442078e+10	  -2.4383938147594715e+10	  -2.9262314511287277e+10	  -9.5777725063776188e+09	
   5.0872900204339534e+07	  -3.2965069626378517e+10	  -3.4585654094788132e+10	  -3.6140543402950447e+10	  -2.2569298324336880e+10	  -1.3670413174408800e+10	
   5.1172007921859443e+07	  -3.3570538596634594e+10	  -4.0955394558383507e+10	  -3.4400210670620071e+10	  -1.8965430201938927e+10	  -1.2408916364779303e+10	
   5.1471644773456201e+07	  -1.9658349066322159e+10	  -3.5493663666045929e+10	  -1.2268004658620461e+10	  -6.0933320544936733e+09	  -2.9586355806330495e+09	
   5.1771159801052585e+07	  -2.4395622596210354e+10	  -3.6590101757289040e+10	  -1.9716636070700806e+10	  -1.0323566129566582e+10	  -6.3346339670976295e+09	
   5.2069813733980954e+07	  -2.8465293820400478e+10	  -4.0268654599372948e+10	  -3.0460914781104652e+10	  -1.3669134854753717e+10	  -8.7015768190565510e+09	
   5.2368336437490307e+07	  -2.9643417635624504e+10	  -5.4791276017960617e+10	  -2.4199275904454594e+10	  -1.4723615974316135e+10	  -9.5877476698873291e+09	
   5.2667761482737124e+07	  -1.2804328873933176e+10	  -1.8403426812379517e+10	  -1.1637048912681261e+10	  -3.1100669634655604e+09	  -9.3928627556010261e+07	
   5.2967518015548281e+07	  -2.6011118897013367e+10	  -2.4829928534663742e+10	  -3.8896698518324188e+10	  -1.3779863551893208e+10	  -8.2606569634606504e+09	
   5.3267518015548281e+07	  -8.9482476242168922e+09	  -8.2389194254644222e+09	  -1.1669669367929892e+10	  -1.9637595719218252e+09	   1.0868001333195014e+09	
   5.3567518015548281e+07	  -1.3884870159745045e+10	  -1.4323653855888550e+10	  -1.1567869616372986e+10	  -2.9065865274244471e+09	  -3.7644095736395586e+08	
   5.3867379607278027e+07	  -2.2569340210131130e+10	  -2.0078083505056320e+10	  -1.3164530387605200e+10	  -5.6041364773360863e+09	  -2.6229371781687231e+09	
   5.4166135391858980e+07	  -2.3227115846097073e+10	  -2.0951174887078651e+10	  -1.4762735710012884e+10	  -6.8344054320449362e+09	  -3.3319589194386325e+09	
   5.4466135391858980e+07	  -2.8586919417984753e+10	  -2.6727251318697735e+10	  -1.0729616820774778e+10	  -4.5707930472007532e+09	  -1.6757383759320326e+09	
   5.4765838952311680e+07	  -7.5445447945095282e+09	  -7.8996627678842735e+09	  -4.6040011590633440e+09	   9.0620628096206236e+08	   3.0590277624201031e+09	
   0.0000000000000000e+00	   0.0000000000000000e+00	   0.0000000000000000e+00	   0.0000000000000000e+00	   0.0000000000000000e+00	   0.0000000000000000e+00	
