   1.9750046550137668e-02	   0.0000000000000000e+00	   0.0000000000000000e+00	
   4.1852265924726684e-01	   0.0000000000000000e+00	   0.0000000000000000e+00	
   4.3671359716120186e+00	   0.0000000000000000e+00	   0.0000000000000000e+00	
   4.3749895753621324e+01	   0.0000000000000000e+00	   0.0000000000000000e+00	
   2.5601933100951383e+03	   0.0000000000000000e+00	   0.0000000000000000e+00	
   6.4511897955751047e+03	   0.0000000000000000e+00	   0.0000000000000000e+00	
   1.2342341287266629e+04	   0.0000000000000000e+00	   0.0000000000000000e+00	
   2.1556175011370091e+04	   0.0000000000000000e+00	   0.0000000000000000e+00	
   3.8475141551715402e+04	   0.0000000000000000e+00	   0.0000000000000000e+00	
   7.3282725516586332e+04	   0.0000000000000000e+00	   0.0000000000000000e+00	
   1.1117867388362251e+05	   0.0000000000000000e+00	   0.0000000000000000e+00	
   1.4782718457917019e+05	   0.0000000000000000e+00	   0.0000000000000000e+00	
   1.8369998342988218e+05	   0.0000000000000000e+00	   0.0000000000000000e+00	
   2.1947797041775120e+05	   0.0000000000000000e+00	   0.0000000000000000e+00	
   2.5572939899142171e+05	   0.0000000000000000e+00	   0.0000000000000000e+00	
   2.9287083714561211e+05	   0.0000000000000000e+00	   0.0000000000000000e+00	
   3.3140085816460132e+05	   0.0000000000000000e+00	   0.0000000000000000e+00	
   3.7121135778262798e+05	   0.0000000000000000e+00	   0.0000000000000000e+00	
   4.1259047734619799e+05	   0.0000000000000000e+00	   0.0000000000000000e+00	
   4.5556995490340935e+05	   0.0000000000000000e+00	   0.0000000000000000e+00	
   4.9898510737647535e+05	   0.0000000000000000e+00	   0.0000000000000000e+00	
   5.4255142356471694e+05	   0.0000000000000000e+00	   0.0000000000000000e+00	
   5.8638091995372879e+05	   0.0000000000000000e+00	   0.0000000000000000e+00	
   6.3083222848243755e+05	   0.0000000000000000e+00	   0.0000000000000000e+00	
   6.7628833305347606e+05	   0.0000000000000000e+00	   0.0000000000000000e+00	
   7.2326059253240109e+05	   0.0000000000000000e+00	   0.0000000000000000e+00	
   7.7220993412347208e+05	   0.0000000000000000e+00	   0.0000000000000000e+00	
   8.2352817021975399e+05	   0.0000000000000000e+00	   0.0000000000000000e+00	
   8.7771837644938112e+05	   0.0000000000000000e+00	   0.0000000000000000e+00	
   9.3530670426560566e+05	   0.0000000000000000e+00	   0.0000000000000000e+00	
   9.9528678400410910e+05	   0.0000000000000000e+00	   0.0000000000000000e+00	
   1.0552867840041092e+06	   0.0000000000000000e+00	   0.0000000000000000e+00	
   1.1152867840041092e+06	  -7.5822383335234058e+08	   1.0000000000000000e+07	
   1.1752867840041092e+06	  -8.6435555154296539e+10	   3.1040000000000000e+08	
   1.2352867840041092e+06	  -1.4230121396718607e+11	   4.9400000000000000e+08	
   1.2952867840041092e+06	  -2.4627519824365125e+11	   8.4200000000000000e+08	
   1.3552867840041092e+06	  -3.6088063440983954e+11	   1.2148000000000000e+09	
   1.4152867840041092e+06	  -4.7413619996059717e+11	   1.5560000000000000e+09	
   1.4752867840041092e+06	  -6.2069677801600122e+11	   2.0052000000000000e+09	
   1.5352867840041092e+06	  -7.8209860396725439e+11	   2.4740000000000000e+09	
   1.5942346663353315e+06	  -9.3900083160945093e+11	   2.9020000000000000e+09	
   1.6541362033804085e+06	  -1.1262507873063325e+12	   3.3996000000000000e+09	
   1.7141362033804085e+06	  -1.3484541849976873e+12	   3.9516000000000000e+09	
   1.7740611328664699e+06	  -1.5640725366738662e+12	   4.4516000000000000e+09	
   1.8340611328664699e+06	  -2.2008522756215596e+12	   6.1772000000000000e+09	
   1.8901575231013512e+06	  -2.0678152675974683e+12	   5.5552000000000000e+09	
   1.9419241338470555e+06	  -2.2956836203243311e+12	   6.0596000000000000e+09	
   1.9944945204969312e+06	  -2.5451767395540454e+12	   6.6196000000000000e+09	
   2.0515492148303236e+06	  -2.8303854729608896e+12	   7.1948000000000000e+09	
   2.1105535832926375e+06	  -3.1225652492484746e+12	   7.7876000000000000e+09	
   2.1705535832926375e+06	  -3.3947789546456357e+12	   8.3812000000000000e+09	
   2.2305535832926380e+06	  -3.6801144462870664e+12	   8.9688000000000000e+09	
   2.2905535832926380e+06	  -3.9718100072231396e+12	   9.5464000000000000e+09	
   2.3505535832926380e+06	  -4.2784621849663301e+12	   1.0190800000000000e+10	
   2.4105535832926380e+06	  -4.5386349646249756e+12	   1.0723200000000000e+10	
   2.4705535832926380e+06	  -4.8441459736231523e+12	   1.1325200000000000e+10	
   2.5305535832926380e+06	  -5.1386840570990801e+12	   1.1885200000000000e+10	
   2.5905535832926380e+06	  -5.4404044699615918e+12	   1.2448400000000000e+10	
   2.6505535832926380e+06	  -6.2542168559325928e+12	   1.4144000000000000e+10	
   2.7105535832926380e+06	  -6.5700717332556260e+12	   1.4690000000000000e+10	
   2.7705535832926380e+06	  -6.8346696301742217e+12	   1.5135880000000000e+10	
   2.8305535832926380e+06	  -7.1533342875388682e+12	   1.5688600000000000e+10	
   2.8905535832926380e+06	  -6.7913011471125488e+12	   1.4792070000000000e+10	
   2.9505535832926380e+06	  -7.1108489865745322e+12	   1.5350170000000000e+10	
   3.0105535832926380e+06	  -7.3577251771935879e+12	   1.5764180000000000e+10	
   3.0705535832926380e+06	  -8.2014657214412812e+12	   1.7418710000000000e+10	
   3.1305535832926380e+06	  -8.4786294973365459e+12	   1.7895860000000000e+10	
   3.1905535832926380e+06	  -8.7663484678683584e+12	   1.8420170000000000e+10	
   3.2505535832926380e+06	  -9.0548098581487832e+12	   1.8920050000000000e+10	
   3.3105535832926380e+06	  -8.7373330341379766e+12	   1.8218080000000000e+10	
   3.3705535832926380e+06	  -9.6383931796056270e+12	   2.0044180000000000e+10	
   3.4305535832926380e+06	  -1.1107169062528830e+13	   2.3184640000000000e+10	
   3.4905535832926380e+06	  -1.1366850426627156e+13	   2.3667140000000000e+10	
   3.5505535832926380e+06	  -1.2271956467140891e+13	   2.5506020000000000e+10	
   3.6105535832926380e+06	  -1.3921461443132947e+13	   2.8581930000000000e+10	
   3.6705535832926380e+06	  -1.4954387710731758e+13	   3.0495300000000000e+10	
   3.7305535832926380e+06	  -1.6159208950960207e+13	   3.2366150000000000e+10	
   3.7905535832926380e+06	  -1.7466589210382740e+13	   3.4204550000000000e+10	
   3.8505535832926380e+06	  -1.8871209298300656e+13	   3.6099580000000000e+10	
   3.9105535832926380e+06	  -1.8788441505388621e+13	   3.5206960000000000e+10	
   3.9705535832926380e+06	  -2.0146616630400555e+13	   3.7139230000000000e+10	
   4.0305535832926380e+06	  -2.1362962475578457e+13	   3.8808380000000000e+10	
   4.0905535832926380e+06	  -2.2602484809001469e+13	   4.0812440000000000e+10	
   4.1505535832926380e+06	  -2.3628954563793707e+13	   4.2584810000000000e+10	
   4.2105535832926380e+06	  -2.4036292626379953e+13	   4.3317600000000000e+10	
   4.2705535832926380e+06	  -2.5890591330697648e+13	   4.6166940000000000e+10	
   4.3305535832926380e+06	  -2.7288739970643918e+13	   4.8437130000000000e+10	
   4.3905535832926380e+06	  -2.9167945004817668e+13	   5.1313320000000000e+10	
   4.4505535832926380e+06	  -2.9740800021515871e+13	   5.1817560000000000e+10	
   4.5105535832926380e+06	  -3.0270489078857719e+13	   5.2339120000000000e+10	
   4.5705535832926380e+06	  -3.1678620829619875e+13	   5.4277440000000000e+10	
   4.6305535832926380e+06	  -3.3106020472526883e+13	   5.6237470000000000e+10	
   4.6896762247207966e+06	  -3.4263500810916008e+13	   5.7605580000000000e+10	
   4.7296423540630266e+06	  -3.4410789839343527e+13	   5.7229500000000000e+10	
   4.7532156370050432e+06	  -3.3802638242803117e+13	   5.5721910000000000e+10	
   4.7720279310928937e+06	  -3.4324295700822727e+13	   5.6306490000000000e+10	
   4.7898194566920744e+06	  -3.1872122831370906e+13	   5.2521070000000000e+10	
   4.8080830589686129e+06	  -3.2994440704546488e+13	   5.4354786100000000e+10	
   4.8277504007141227e+06	  -3.3227543198350699e+13	   5.4360674700000000e+10	
   4.8494486555890478e+06	  -3.3890262779856215e+13	   5.4929126600000000e+10	
   4.8717584962688582e+06	  -3.5520793817447125e+13	   5.6602925500000000e+10	
   4.8943311933164233e+06	  -3.6714890220359352e+13	   5.7370480300000000e+10	
   4.9174562867490547e+06	  -3.8485040555615055e+13	   5.9147078200000000e+10	
   4.9413167309974032e+06	  -4.1727504744930578e+13	   6.2950827000000000e+10	
   4.9659594428249309e+06	  -4.1393990646136695e+13	   6.1832660000000000e+10	
   4.9913983819102030e+06	  -4.1874368954236164e+13	   6.1225210000000000e+10	
   5.0093759708872912e+06	  -4.3138607641092102e+13	   6.2101100000000000e+10	
   5.0215540513756592e+06	  -4.7214171953576883e+13	   6.6564015000000000e+10	
   5.0329511724589542e+06	  -5.0247074089965000e+13	   7.0515950000000000e+10	
   5.0439408285674509e+06	  -5.2693286364905594e+13	   7.1883575000000000e+10	
   5.0545365917921495e+06	  -5.4011808869149789e+13	   7.2761535000000000e+10	
   5.0643918383290786e+06	  -5.7639334645735625e+13	   7.6749980000000000e+10	
   5.0739367149788821e+06	  -6.0247136576985727e+13	   7.8135767600000000e+10	
   5.0835147431061259e+06	  -6.1519590345774602e+13	   7.9024533400000000e+10	
   5.0933146051105717e+06	  -6.2693742569031055e+13	   7.9900360800000000e+10	
   5.1034589057043558e+06	  -6.5164335548545680e+13	   8.2698970000000000e+10	
   5.1140505861801514e+06	  -6.6344008689246344e+13	   8.3471528600000000e+10	
   5.1251990732325194e+06	  -6.6425578391457242e+13	   8.2640797200000000e+10	
   5.1370449226372316e+06	  -6.9480790942820508e+13	   8.6486778100000000e+10	
   5.1500046665528156e+06	  -7.1784775641722000e+13	   8.9201649000000000e+10	
   5.1642577154953806e+06	  -7.1634309079051938e+13	   8.8253736600000000e+10	
   5.1789990020291731e+06	  -7.3627502140659172e+13	   9.0467446500000000e+10	
   5.1947793545454629e+06	  -7.4599706583639266e+13	   9.1080446400000000e+10	
   5.2114682151176734e+06	  -7.4258567302646375e+13	   9.0061800000000000e+10	
   5.2285985556830466e+06	  -7.7505241548637344e+13	   9.4311340000000000e+10	
   5.2467807389784260e+06	  -7.8227231633083984e+13	   9.4935895000000000e+10	
   5.2651628634842169e+06	  -8.0084782254318828e+13	   9.7137885000000000e+10	
   5.2838226641785810e+06	  -7.8263136093042078e+13	   9.4488535000000000e+10	
   5.3035729586144406e+06	  -8.2151647363399859e+13	   9.9909900000000000e+10	
   5.3244629691954618e+06	  -8.1603432534838500e+13	   9.8862815000000000e+10	
   5.3461831117697190e+06	  -8.2229460204900641e+13	   9.9348300000000000e+10	
   5.3686760977529045e+06	  -8.2722801574692656e+13	   9.9893400000000000e+10	
   5.3916684360926421e+06	  -8.5608902141095812e+13	   1.0370963500000000e+11	
   5.4156079466737434e+06	  -8.3913906426497734e+13	   1.0095168500000000e+11	
   5.4405418206848903e+06	  -8.4426764894016078e+13	   1.0158106500000000e+11	
   5.4671386996975718e+06	  -8.7286688975818750e+13	   1.0538176500000000e+11	
   5.4950070866027549e+06	  -8.7880116768480672e+13	   1.0589431500000000e+11	
   5.5230367227119235e+06	  -8.6209552049156281e+13	   1.0326210000000000e+11	
   5.5510085897712149e+06	  -8.9120935467981844e+13	   1.0718720000000000e+11	
   5.5804113819616316e+06	  -9.0769352439652531e+13	   1.0907981500000000e+11	
   5.6109649043633677e+06	  -9.0321961796362672e+13	   1.0809213000000000e+11	
   5.6424770719214110e+06	  -9.3300948801434609e+13	   1.1203963500000000e+11	
   5.6753988524235459e+06	  -9.2747297704984172e+13	   1.1067315000000000e+11	
   5.7106521946421051e+06	  -9.4618817177748297e+13	   1.1294849000000000e+11	
   5.7486737181890933e+06	  -9.6334705116920359e+13	   1.1480950500000000e+11	
   5.7895542927632350e+06	  -9.5905716684969109e+13	   1.1377358500000000e+11	
   5.8334875805495419e+06	  -9.7367421362633219e+13	   1.1558695000000000e+11	
   5.8800658583737565e+06	  -9.8868238942619672e+13	   1.1741503000000000e+11	
   5.9297713747664010e+06	  -1.0039207992603614e+14	   1.1926440000000000e+11	
   5.9835899704959784e+06	  -9.8207035850578562e+13	   1.1604045000000000e+11	
   6.0413705246104952e+06	  -9.9709606773922266e+13	   1.1786430000000000e+11	
   6.1013673029004605e+06	  -1.0011926467293600e+14	   1.1798341500000000e+11	
   6.1613673029004605e+06	  -1.0279202528369562e+14	   1.2141352000000000e+11	
   6.2213673029004605e+06	  -1.0321577534390812e+14	   1.2154281500000000e+11	
   6.2813673029004605e+06	  -1.0083011988497875e+14	   1.1824881500000000e+11	
   6.3413673029004605e+06	  -1.0227692615332305e+14	   1.2002593500000000e+11	
   6.4013673029004605e+06	  -1.0250653379084752e+14	   1.2012329000000000e+11	
   6.4613673029004605e+06	  -1.0526561269633275e+14	   1.2360833500000000e+11	
   6.5213673029004605e+06	  -1.0562851003506456e+14	   1.2374008500000000e+11	
   6.5813673029004605e+06	  -1.0438814474610619e+14	   1.2212620000000000e+11	
   6.6413673029004605e+06	  -1.0450846137152203e+14	   1.2225415000000000e+11	
   6.7013673029004605e+06	  -1.0463494448502139e+14	   1.2234057000000000e+11	
   6.7613673029004605e+06	  -1.0743883469509202e+14	   1.2586187000000000e+11	
   6.8213673029004605e+06	  -1.0490154134714827e+14	   1.2261538500000000e+11	
   6.8813673029004605e+06	  -1.0625319869119214e+14	   1.2446441500000000e+11	
   6.9413673029004605e+06	  -1.0624267756574428e+14	   1.2458828500000000e+11	
   7.0013673029004605e+06	  -1.0903701210979959e+14	   1.2814967000000000e+11	
   7.0613673029004605e+06	  -1.0751415252164392e+14	   1.2660607000000000e+11	
   7.1213673029004605e+06	  -1.0602539558160462e+14	   1.2504170500000000e+11	
   7.1813673029004605e+06	  -1.1020178605490230e+14	   1.3037896000000000e+11	
   7.2413673029004605e+06	  -1.0573109549356631e+14	   1.2541435000000000e+11	
   7.3013673029004605e+06	  -1.0691727404392902e+14	   1.2724187500000000e+11	
   7.3613673029004605e+06	  -1.1097215377017181e+14	   1.3259395500000000e+11	
   7.4213673029004605e+06	  -1.0770666940999898e+14	   1.2932248500000000e+11	
   7.4813673029004605e+06	  -1.0882337964034328e+14	   1.3126957000000000e+11	
   7.5413673029004605e+06	  -1.1119237936689412e+14	   1.3489295500000000e+11	
   7.6013673029004605e+06	  -1.0950218170932720e+14	   1.3337034000000000e+11	
   7.6613673029004605e+06	  -1.0913580025810803e+14	   1.3357879000000000e+11	
   7.7213673029004605e+06	  -1.1163235806163620e+14	   1.3725615500000000e+11	
   7.7813673029004605e+06	  -1.0845080501258181e+14	   1.3396269000000000e+11	
   7.8413673029004605e+06	  -1.1229238033727430e+14	   1.3938695500000000e+11	
   7.9013673029004605e+06	  -1.1167261793676522e+14	   1.3957534000000000e+11	
   7.9613673029004605e+06	  -1.0864835046163645e+14	   1.3664859000000000e+11	
   8.0213667739182161e+06	  -1.1382473468624688e+14	   1.4378037500000000e+11	
   8.0813183400249295e+06	  -1.0921591216381195e+14	   1.3908799000000000e+11	
   8.1411864114788985e+06	  -1.1467831940879522e+14	   1.4668933500000000e+11	
   8.2010070555824740e+06	  -1.1125463839659270e+14	   1.4333859500000000e+11	
   8.2608231662122263e+06	  -1.1090608127431456e+14	   1.4384456000000000e+11	
   8.3208212767206654e+06	  -1.1461998905804223e+14	   1.4929689000000000e+11	
   8.3807896431313362e+06	  -1.1118171389495400e+14	   1.4588858500000000e+11	
   8.4400095851404089e+06	  -1.1354566023370644e+14	   1.5007356000000000e+11	
   8.4971692783262115e+06	  -1.1156990646239431e+14	   1.4845673000000000e+11	
   8.5534008688944094e+06	  -1.1409182187571081e+14	   1.5270244000000000e+11	
   8.6096059312492721e+06	  -1.1391925377401547e+14	   1.5295216500000000e+11	
   8.6664015565300826e+06	  -1.1379669131200672e+14	   1.5314274500000000e+11	
   8.7251387021769099e+06	  -1.1542316127443766e+14	   1.5563058000000000e+11	
   8.7851387021769099e+06	  -1.1493805952522228e+14	   1.5576986500000000e+11	
   8.8451387021769099e+06	  -1.1750094684466570e+14	   1.5946349500000000e+11	
   8.9051387021769099e+06	  -1.1610828970284822e+14	   1.5863592500000000e+11	
   8.9651387021769099e+06	  -1.1679510892527548e+14	   1.6055963500000000e+11	
   9.0251387021769099e+06	  -1.1780958134985058e+14	   1.6238963000000000e+11	
   9.0851387021769099e+06	  -1.1610014856666419e+14	   1.6074380000000000e+11	
   9.1451387021769099e+06	  -1.1664791437034155e+14	   1.6263173000000000e+11	
   9.2051387021769099e+06	  -1.1855783936370189e+14	   1.6539203000000000e+11	
   9.2651387021769099e+06	  -1.2076744542797206e+14	   1.6907836500000000e+11	
   9.3251387021769099e+06	  -1.1792235133899792e+14	   1.6562163000000000e+11	
   9.3851387021769099e+06	  -1.1837265956317614e+14	   1.6752526500000000e+11	
   9.4451387021769099e+06	  -1.1767061518980669e+14	   1.6768899500000000e+11	
   9.5051387021769099e+06	  -1.1785229285905181e+14	   1.6958376500000000e+11	
   9.5651387021769099e+06	  -1.1822328660046431e+14	   1.7153246000000000e+11	
   9.6251387021769099e+06	  -1.1645531595380723e+14	   1.6987349000000000e+11	
   9.6851387021769099e+06	  -1.1589349828106222e+14	   1.6935670000000000e+11	
   9.7451387021769099e+06	  -1.1768736581312692e+14	   1.7493426500000000e+11	
   9.8051387021769099e+06	  -1.1549890059883706e+14	   1.7330839500000000e+11	
   9.8651387021769099e+06	  -1.1534301437064509e+14	   1.7524346500000000e+11	
   9.9251387021769099e+06	  -1.1508805460967186e+14	   1.7722112500000000e+11	
   9.9851387021769099e+06	  -1.1185433803861367e+14	   1.7379543000000000e+11	
   1.0045138702176910e+07	  -1.1341279708030430e+14	   1.7935976000000000e+11	
   1.0105138702176910e+07	  -1.1159371753504459e+14	   1.7952859500000000e+11	
   1.0165138702176910e+07	  -1.0850428128924169e+14	   1.7608159500000000e+11	
   1.0225138702176910e+07	  -1.1241367643078498e+14	   1.8477716500000000e+11	
   1.0285138702176910e+07	  -1.0942972931989808e+14	   1.8134283000000000e+11	
   1.0345138702176910e+07	  -1.0621726687060647e+14	   1.7787972500000000e+11	
   1.0405138702176910e+07	  -1.0958904720447502e+14	   1.8712306500000000e+11	
   1.0465138702176910e+07	  -1.0682223278146633e+14	   1.8367483000000000e+11	
   1.0525138702176910e+07	  -1.0505982313036523e+14	   1.8206932500000000e+11	
   1.0585138702176910e+07	  -1.0828091811617148e+14	   1.8949393000000000e+11	
   1.0645138702176910e+07	  -1.0546324955468720e+14	   1.8605549500000000e+11	
   1.0705138702176910e+07	  -1.0304555372598970e+14	   1.8440969500000000e+11	
   1.0765138702176910e+07	  -1.0655762382402641e+14	   1.9146456500000000e+11	
   1.0825138702176910e+07	  -1.0473437628837039e+14	   1.8985812500000000e+11	
   1.0885138702176910e+07	  -1.0307170680280538e+14	   1.8820509500000000e+11	
   1.0945138702176910e+07	  -1.0433979692927736e+14	   1.9204753000000000e+11	
   1.1005138702176910e+07	  -1.0500515423333916e+14	   1.9589813000000000e+11	
   1.1065138702176910e+07	  -1.0219931614795958e+14	   1.9247206000000000e+11	
   1.1125138702176910e+07	  -1.0261822086553698e+14	   1.9449693000000000e+11	
   1.1185138702176910e+07	  -1.0406282207755334e+14	   1.9835746000000000e+11	
   1.1245138702176910e+07	  -1.0091842612666347e+14	   1.9489729500000000e+11	
   1.1305138702176910e+07	  -1.0044216443330661e+14	   1.9482446500000000e+11	
   1.1365138702176910e+07	  -1.0187410933789528e+14	   1.9867479500000000e+11	
   1.1425138702176910e+07	  -1.0449513036130812e+14	   2.0436912500000000e+11	
   1.1485138702176910e+07	  -9.8599256876724312e+13	   1.9544970000000000e+11	
   1.1545138702176910e+07	  -9.9348310514211703e+13	   1.9931499000000000e+11	
   1.1605138702176910e+07	  -1.0110077354939202e+14	   2.0500232500000000e+11	
   1.1665138702176910e+07	  -9.5603622081223781e+13	   1.9610499500000000e+11	
   1.1725138702176910e+07	  -9.6512371108122203e+13	   1.9996989500000000e+11	
   1.1785138702176910e+07	  -9.7100710753929219e+13	   2.0387209500000000e+11	
   1.1845138702176910e+07	  -9.6810153966298281e+13	   2.0589076500000000e+11	
   1.1905138702176910e+07	  -9.4946778346126562e+13	   2.0411789500000000e+11	
   1.1965138702176910e+07	  -9.4727814963279578e+13	   2.0619110000000000e+11	
   1.2025138702176910e+07	  -9.5847535289870938e+13	   2.1008746500000000e+11	
   1.2085138702176910e+07	  -9.3953304133093422e+13	   2.0846726500000000e+11	
   1.2145138702176910e+07	  -9.2194677396738234e+13	   2.0689949500000000e+11	
   1.2205138702176910e+07	  -9.2465816569053125e+13	   2.0893773000000000e+11	
   1.2265138702176910e+07	  -9.2778131926482797e+13	   2.1098180000000000e+11	
   1.2325138702176910e+07	  -9.1826621086568984e+13	   2.1119316500000000e+11	
   1.2385138702176910e+07	  -9.0151022034515062e+13	   2.0959846500000000e+11	
   1.2445138702176910e+07	  -9.0467668984675141e+13	   2.1164897000000000e+11	
   1.2505138702176910e+07	  -9.1674501589944281e+13	   2.1552863000000000e+11	
   1.2565138702176910e+07	  -8.9890116384395469e+13	   2.1389893000000000e+11	
   1.2625138702176910e+07	  -8.8287496377076938e+13	   2.1225176500000000e+11	
   1.2685138702176910e+07	  -8.9588098605164125e+13	   2.1613733000000000e+11	
   1.2745138702176910e+07	  -8.8805005423551406e+13	   2.1634263000000000e+11	
   1.2805138702176910e+07	  -8.7267875624328422e+13	   2.1467239500000000e+11	
   1.2865138702176910e+07	  -8.6732816861208453e+13	   2.1487406500000000e+11	
   1.2925138702176910e+07	  -8.7936438919727500e+13	   2.1876349500000000e+11	
   1.2985138702176910e+07	  -8.7227140902965875e+13	   2.1894280000000000e+11	
   1.3045138702176910e+07	  -8.7767017404313016e+13	   2.1925276500000000e+11	
   1.3105138702176910e+07	  -8.7976508440416125e+13	   2.2130890000000000e+11	
   1.3165138702176910e+07	  -8.7357023807769531e+13	   2.2151520000000000e+11	
   1.3225138702176910e+07	  -8.7841138348655625e+13	   2.2354690000000000e+11	
   1.3285138702176910e+07	  -8.6379644240647047e+13	   2.2188063500000000e+11	
   1.3345138702176910e+07	  -8.5665615110101453e+13	   2.2208093000000000e+11	
   1.3405138702176910e+07	  -8.5037952057795656e+13	   2.2229573000000000e+11	
   1.3465138702176910e+07	  -8.5288064489758312e+13	   2.2430263000000000e+11	
   1.3525138702176910e+07	  -8.4622282462836406e+13	   2.2452023500000000e+11	
   1.3585138702176910e+07	  -8.4032514617915156e+13	   2.2469350000000000e+11	
   1.3645138702176910e+07	  -8.4247854208617000e+13	   2.2671326000000000e+11	
   1.3705138702176910e+07	  -8.3586060038095828e+13	   2.2687116000000000e+11	
   1.3765138702176910e+07	  -8.2712848614843984e+13	   2.2707736500000000e+11	
   1.3825138702176910e+07	  -8.2115789794546594e+13	   2.2721710000000000e+11	
   1.3885138702176910e+07	  -8.1780115486554906e+13	   2.2739280000000000e+11	
   1.3945138702176910e+07	  -8.1269708209087797e+13	   2.2757863500000000e+11	
   1.4005138702176910e+07	  -8.0827834697480938e+13	   2.2774396500000000e+11	
   1.4065138702176910e+07	  -8.0750278493370906e+13	   2.2976219500000000e+11	
   1.4125138702176910e+07	  -8.0568921696401719e+13	   2.2991379500000000e+11	
   1.4185138702176910e+07	  -8.1189046162494094e+13	   2.3194796500000000e+11	
   1.4245138702176910e+07	  -8.0210243494070531e+13	   2.3025056500000000e+11	
   1.4305138702176910e+07	  -8.0568654853863641e+13	   2.3223999500000000e+11	
   1.4365138702176910e+07	  -8.0165812623915562e+13	   2.3239890000000000e+11	
   1.4425138702176910e+07	  -7.9555426797470812e+13	   2.3255396500000000e+11	
   1.4485138702176910e+07	  -7.9730624722989156e+13	   2.3272050000000000e+11	
   1.4545138702176910e+07	  -7.9555352242351531e+13	   2.3285849500000000e+11	
   1.4605138702176910e+07	  -7.9107946619336766e+13	   2.3302016500000000e+11	
   1.4665138702176910e+07	  -8.1244715303075625e+13	   2.3875810000000000e+11	
   1.4725138702176910e+07	  -8.0021698958648375e+13	   2.3705853000000000e+11	
   1.4785138702176910e+07	  -7.8120663176116734e+13	   2.3349703000000000e+11	
   1.4845138702176910e+07	  -7.8631103473636984e+13	   2.3549829500000000e+11	
   1.4905138702176910e+07	  -7.8362502541934609e+13	   2.3563879500000000e+11	
   1.4965138702176910e+07	  -7.8039387378715656e+13	   2.3580116000000000e+11	
   1.5025138702176910e+07	  -7.9931692546351203e+13	   2.4153659500000000e+11	
   1.5085138702176910e+07	  -7.8701342191040094e+13	   2.3983956000000000e+11	
   1.5145138702176910e+07	  -7.6520498062791750e+13	   2.3622399500000000e+11	
   1.5205138702176910e+07	  -7.7101584283198500e+13	   2.3825676500000000e+11	
   1.5265138702176910e+07	  -7.7694493081901234e+13	   2.4024706500000000e+11	
   1.5325138702176910e+07	  -7.6211449618067266e+13	   2.3852903000000000e+11	
   1.5385138702176910e+07	  -7.7202040304392094e+13	   2.4243826500000000e+11	
   1.5445138702176910e+07	  -7.7749855803166438e+13	   2.4444873000000000e+11	
   1.5505138702176910e+07	  -7.6460474955771203e+13	   2.4268846000000000e+11	
   1.5565138702176910e+07	  -7.4522462501545438e+13	   2.3910163000000000e+11	
   1.5625138702176910e+07	  -7.5528481041530844e+13	   2.4297566500000000e+11	
   1.5685138702176910e+07	  -7.4984193278238625e+13	   2.4309986500000000e+11	
   1.5745138702176910e+07	  -7.4578985302895375e+13	   2.4324936000000000e+11	
   1.5805138702176910e+07	  -7.5369289651279859e+13	   2.4709266000000000e+11	
   1.5865138702176910e+07	  -7.5062236763191312e+13	   2.4719966000000000e+11	
   1.5925138702176910e+07	  -7.4058647186267953e+13	   2.4548616000000000e+11	
   1.5985138702176910e+07	  -7.2699895180737812e+13	   2.4374643000000000e+11	
   1.6045138702176910e+07	  -7.2920012251604141e+13	   2.4571899000000000e+11	
   1.6105138702176910e+07	  -7.2606836266487000e+13	   2.4581369500000000e+11	
   1.6165138702176910e+07	  -7.2227115282332531e+13	   2.4597543000000000e+11	
   1.6225138702176910e+07	  -7.1618998943569938e+13	   2.4608689500000000e+11	
   1.6285138702176910e+07	  -7.2497746598204109e+13	   2.4990319500000000e+11	
   1.6345138702176910e+07	  -7.1507257426972578e+13	   2.4820463500000000e+11	
   1.6405138702176910e+07	  -7.0364945332211836e+13	   2.4643329500000000e+11	
   1.6465138702176910e+07	  -6.9910834912763547e+13	   2.4655059500000000e+11	
   1.6525138702176910e+07	  -7.0407684589147500e+13	   2.4848369500000000e+11	
   1.6585138702176910e+07	  -6.9895791274947547e+13	   2.4858519500000000e+11	
   1.6645138702176910e+07	  -6.9577005687305234e+13	   2.4870549500000000e+11	
   1.6705138702176910e+07	  -7.1952550793559453e+13	   2.5635170000000000e+11	
   1.6765138702176910e+07	  -7.0082395360254102e+13	   2.5274766000000000e+11	
   1.6825138702176910e+07	  -6.8902657503040273e+13	   2.5093989000000000e+11	
   1.6885138702176910e+07	  -6.7713095720062078e+13	   2.4914339500000000e+11	
   1.6945138702176910e+07	  -6.7232143533745953e+13	   2.4926332500000000e+11	
   1.7005138702176910e+07	  -6.8016329309420844e+13	   2.5130219500000000e+11	
   1.7065138702176910e+07	  -6.7427379794135391e+13	   2.5143183000000000e+11	
   1.7125138702176910e+07	  -6.7610664922980469e+13	   2.5337566000000000e+11	
   1.7185138702176910e+07	  -6.8187272686588766e+13	   2.5716912500000000e+11	
   1.7245138702176910e+07	  -6.6929484693088469e+13	   2.5537816000000000e+11	
   1.7305138702176910e+07	  -6.6239446848820531e+13	   2.5362439500000000e+11	
   1.7365138702176910e+07	  -6.5138697044193641e+13	   2.5191949500000000e+11	
   1.7425138702176910e+07	  -6.4581388628068219e+13	   2.5205482500000000e+11	
   1.7485138702176910e+07	  -6.4714290075447703e+13	   2.5394982500000000e+11	
   1.7545138702176910e+07	  -6.4752795135915703e+13	   2.5594243000000000e+11	
   1.7605138702176910e+07	  -6.4243833035331617e+13	   2.5691206000000000e+11	
   1.7665138702176910e+07	  -6.3726504111888344e+13	   2.5700009500000000e+11	
   1.7725138702176910e+07	  -6.2475116563365953e+13	   2.5515812000000000e+11	
   1.7785138702176910e+07	  -6.1081277327191672e+13	   2.5152672000000000e+11	
   1.7845138702176910e+07	  -6.0145364429198148e+13	   2.4984593000000000e+11	
   1.7905138702176910e+07	  -5.9386420618593328e+13	   2.4993516000000000e+11	
   1.7965138702176910e+07	  -6.0269244626936938e+13	   2.5373509000000000e+11	
   1.8025138702176910e+07	  -6.0402037376267242e+13	   2.5572469500000000e+11	
   1.8085138702176910e+07	  -6.0051206080670680e+13	   2.5574189000000000e+11	
   1.8145138702176910e+07	  -5.9783154926663453e+13	   2.5579419000000000e+11	
   1.8205138702176910e+07	  -5.9114957753836102e+13	   2.5588409500000000e+11	
   1.8265138702176910e+07	  -5.7640363607148523e+13	   2.5219952000000000e+11	
   1.8325138702176910e+07	  -5.7609743984371734e+13	   2.5239152500000000e+11	
   1.8385138702176910e+07	  -5.7108971009689688e+13	   2.5252849500000000e+11	
   1.8445138702176910e+07	  -5.7225640613956203e+13	   2.5448069000000000e+11	
   1.8505138702176910e+07	  -5.7522572883085539e+13	   2.5637513000000000e+11	
   1.8565138702176910e+07	  -5.6935943065587812e+13	   2.5645746000000000e+11	
   1.8625138702176910e+07	  -5.6842960124131609e+13	   2.5837973000000000e+11	
   1.8685138702176910e+07	  -5.6446057550690383e+13	   2.5843382500000000e+11	
   1.8745138702176910e+07	  -5.6171507121392945e+13	   2.5854386000000000e+11	
   1.8805138702176910e+07	  -5.4546350186549641e+13	   2.5479353000000000e+11	
   1.8865138702176910e+07	  -5.3981843804078102e+13	   2.5495206000000000e+11	
   1.8925138702176910e+07	  -5.3414607021885117e+13	   2.5510499500000000e+11	
   1.8985138702176910e+07	  -5.3402622210510273e+13	   2.5710299000000000e+11	
   1.9045138702176910e+07	  -5.2960940541965141e+13	   2.5712759000000000e+11	
   1.9105138702176910e+07	  -5.3082850577652383e+13	   2.6091756000000000e+11	
   1.9165138702176910e+07	  -5.2808058360769922e+13	   2.6095689000000000e+11	
   1.9225138702176910e+07	  -5.3027373488644438e+13	   2.6295779000000000e+11	
   1.9285138702176910e+07	  -5.2095094389557688e+13	   2.6111766000000000e+11	
   1.9345138702176910e+07	  -5.1640782877960484e+13	   2.6118762500000000e+11	
   1.9405138702176910e+07	  -5.0653937978004922e+13	   2.5934409000000000e+11	
   1.9465138702176910e+07	  -5.0609310084364648e+13	   2.5949752500000000e+11	
   1.9525138702176910e+07	  -5.0000652808184391e+13	   2.5960659000000000e+11	
   1.9585043796541791e+07	  -4.9544013312644086e+13	   2.5968866000000000e+11	
   1.9645043796541791e+07	  -5.0342986363727641e+13	   2.6356576000000000e+11	
   1.9705043796541791e+07	  -4.9935120983390984e+13	   2.6362346000000000e+11	
   1.9765043796541791e+07	  -4.9875391970977922e+13	   2.6361476000000000e+11	
   1.9825043796541791e+07	  -4.9313039442051508e+13	   2.6364933000000000e+11	
   1.9885043796541791e+07	  -4.8287343074812453e+13	   2.6177545500000000e+11	
   1.9945043796541791e+07	  -4.8426001498383391e+13	   2.6375239500000000e+11	
   2.0005043796541791e+07	  -4.7289079188877688e+13	   2.6185259500000000e+11	
   2.0065043796541791e+07	  -4.7349480306990211e+13	   2.6196993000000000e+11	
   2.0125043796541791e+07	  -4.7467084322909180e+13	   2.6214992500000000e+11	
   2.0185043796541791e+07	  -4.6797060764240336e+13	   2.6224102500000000e+11	
   2.0245043796541791e+07	  -4.6905282455687094e+13	   2.6413485500000000e+11	
   2.0305043796541791e+07	  -4.6695086958060211e+13	   2.6417952500000000e+11	
   2.0365043796541791e+07	  -4.5780189790960109e+13	   2.6231943000000000e+11	
   2.0425043796541791e+07	  -4.5380352844261250e+13	   2.6241295500000000e+11	
   2.0485043796541791e+07	  -4.5402834609936812e+13	   2.6243116000000000e+11	
   2.0545043796541791e+07	  -4.4979812446474930e+13	   2.6242716500000000e+11	
   2.0605043796541791e+07	  -4.4976429836756594e+13	   2.6432592500000000e+11	
   2.0665043796541791e+07	  -4.4895020222854125e+13	   2.6435339000000000e+11	
   2.0724716871190909e+07	  -4.4818403358403242e+13	   2.6441856000000000e+11	
   2.0784716871190909e+07	  -4.5050279053970602e+13	   2.6629329000000000e+11	
   2.0844716871190909e+07	  -4.4740748170824109e+13	   2.6644386000000000e+11	
   2.0904716871190909e+07	  -4.4348516681896844e+13	   2.6653862500000000e+11	
   2.0964716871190909e+07	  -4.4213254616560961e+13	   2.6661989000000000e+11	
   2.1024632094569504e+07	  -4.3599765646859281e+13	   2.6666815500000000e+11	
   2.1084632094569504e+07	  -4.2597897386739516e+13	   2.6477785500000000e+11	
   2.1144632094569504e+07	  -4.2315002808100703e+13	   2.6482255500000000e+11	
   2.1204632094569504e+07	  -4.2481404214036523e+13	   2.6686352000000000e+11	
   2.1264632094569504e+07	  -4.1726402094106250e+13	   2.6495382500000000e+11	
   2.1324632094569504e+07	  -4.1509562129824336e+13	   2.6495682500000000e+11	
   2.1384632094569504e+07	  -4.1458174879691711e+13	   2.6684295500000000e+11	
   2.1444632094569504e+07	  -4.1334753357813117e+13	   2.6689445500000000e+11	
   2.1504604127980724e+07	  -4.0511680301244086e+13	   2.6498665500000000e+11	
   2.1564604127980724e+07	  -4.0971338303156352e+13	   2.6692149500000000e+11	
   2.1624604127980724e+07	  -4.0484677520291133e+13	   2.6703682500000000e+11	
   2.1684397083155576e+07	  -3.9623165724597266e+13	   2.6515449500000000e+11	
   2.1744291966955259e+07	  -3.9500334929296383e+13	   2.6529623000000000e+11	
   2.1804291966955259e+07	  -3.9048748995257641e+13	   2.6534722500000000e+11	
   2.1864291966955259e+07	  -3.9151756315180445e+13	   2.6538098500000000e+11	
   2.1924203981256850e+07	  -3.8415394589870125e+13	   2.6538812500000000e+11	
   2.1984203981256850e+07	  -3.8658594460934492e+13	   2.6732929500000000e+11	
   2.2042577359324180e+07	  -3.8569415414112812e+13	   2.6737332500000000e+11	
   2.2101366546004500e+07	  -3.7747946420031672e+13	   2.6556775500000000e+11	
   2.2161366546004500e+07	  -3.7721266290352016e+13	   2.6554032500000000e+11	
   2.2221248326658443e+07	  -3.7820744105727312e+13	   2.6743436000000000e+11	
   2.2281097235036854e+07	  -3.7327756511369828e+13	   2.6747076000000000e+11	
   2.2340636998651892e+07	  -3.6830175958613094e+13	   2.6746836000000000e+11	
   2.2400594330386184e+07	  -3.6712127488558531e+13	   2.6935913000000000e+11	
   2.2460594330386184e+07	  -3.7027158568402656e+13	   2.6949549000000000e+11	
   2.2520594330386184e+07	  -3.6741427047905984e+13	   2.6957622500000000e+11	
   2.2580594330386184e+07	  -3.6658528227280516e+13	   2.6963669500000000e+11	
   2.2640594330386184e+07	  -3.5856032182438547e+13	   2.6776615500000000e+11	
   2.2700193369310688e+07	  -3.5761432167507672e+13	   2.6585202000000000e+11	
   2.2760193369310688e+07	  -3.5426385448332141e+13	   2.6786199000000000e+11	
   2.2820193369310688e+07	  -3.5198974982312961e+13	   2.6787579000000000e+11	
   2.2880193369310688e+07	  -3.5037101876614387e+13	   2.6792275500000000e+11	
   2.2940098244735405e+07	  -3.4376879245967844e+13	   2.6600205500000000e+11	
   2.3000098244735405e+07	  -3.3221899359273445e+13	   2.6468172000000000e+11	
   2.3059761606409252e+07	  -3.2662710198976633e+13	   2.6465382000000000e+11	
   2.3119594540618390e+07	  -3.2508944029457672e+13	   2.6470132500000000e+11	
   2.3179594540618390e+07	  -3.3792533936175848e+13	   2.6799935500000000e+11	
   2.3239594540618390e+07	  -3.3805574088568578e+13	   2.6795098500000000e+11	
   2.3299594540618390e+07	  -3.3492398116431352e+13	   2.6805702500000000e+11	
   2.3359594540618390e+07	  -3.3363149941477293e+13	   2.6819429500000000e+11	
   2.3419594540618390e+07	  -3.3750318510329641e+13	   2.7015438500000000e+11	
   2.3479594540618390e+07	  -3.3616158893063246e+13	   2.7017862000000000e+11	
   2.3539594540618390e+07	  -3.3056388108145453e+13	   2.7016108500000000e+11	
   2.3599594540618390e+07	  -3.2774204594166547e+13	   2.7013995000000000e+11	
   2.3658950491328321e+07	  -3.2624697378213754e+13	   2.7010872000000000e+11	
   2.3718950491328321e+07	  -3.2455355638065465e+13	   2.7025492000000000e+11	
   2.3777095827435397e+07	  -3.2146180231281324e+13	   2.7028538500000000e+11	
   2.3836420422336802e+07	  -3.2181038572432891e+13	   2.7025082000000000e+11	
   2.3895450662255101e+07	  -3.1985993799232242e+13	   2.7029428500000000e+11	
   2.3952823190355252e+07	  -3.1796762868602965e+13	   2.7028308500000000e+11	
   2.4009779973701879e+07	  -3.0194247029451602e+13	   2.6693945000000000e+11	
   2.4068965268135305e+07	  -2.9957637262391859e+13	   2.6692618500000000e+11	
   2.4128948398264062e+07	  -2.9910345011005195e+13	   2.6701005000000000e+11	
   2.4188948398264062e+07	  -2.9940040150851453e+13	   2.6702328500000000e+11	
   2.4248132783129092e+07	  -2.9822801694841844e+13	   2.6710428500000000e+11	
   2.4307171406269416e+07	  -2.9612391309592031e+13	   2.6712072000000000e+11	
   2.4366916586829260e+07	  -2.9553435455251145e+13	   2.6715468000000000e+11	
   2.4425853496454306e+07	  -2.9116280744918609e+13	   2.6715051500000000e+11	
   2.4485781683272589e+07	  -3.0598725817011715e+13	   2.7058141500000000e+11	
   2.4544862179675594e+07	  -3.0354481567614938e+13	   2.7054978000000000e+11	
   2.4604687557794970e+07	  -3.0184766802204473e+13	   2.7057804500000000e+11	
   2.4663410573991776e+07	  -2.9919546695303895e+13	   2.7063281500000000e+11	
   2.4723017782500271e+07	  -2.9402346810945086e+13	   2.6878234500000000e+11	
   2.4783017782500271e+07	  -2.9091106789658883e+13	   2.6876545000000000e+11	
   2.4842983556248084e+07	  -2.8910460376215871e+13	   2.6879498500000000e+11	
   2.4902979826755978e+07	  -2.8630815594934121e+13	   2.6882355000000000e+11	
   2.4962861402542666e+07	  -2.8492337530952195e+13	   2.6880141500000000e+11	
   2.5021015423801992e+07	  -2.7071958814384484e+13	   2.6535348000000000e+11	
   2.5080302191335943e+07	  -2.7112842412551121e+13	   2.6531454500000000e+11	
   2.5140302191335943e+07	  -2.6975913734153664e+13	   2.6729651000000000e+11	
   2.5200259620614130e+07	  -2.6653782485936781e+13	   2.6542441500000000e+11	
   2.5259869136009011e+07	  -2.6518206098515973e+13	   2.6351634500000000e+11	
   2.5319298409563672e+07	  -2.6555072205698391e+13	   2.6562228000000000e+11	
   2.5377654176129621e+07	  -2.6019715773497832e+13	   2.6565674500000000e+11	
   2.5437654176129621e+07	  -2.6111037544128078e+13	   2.6562921000000000e+11	
   2.5497512881881882e+07	  -2.6116422520192566e+13	   2.6753327500000000e+11	
   2.5557298911901556e+07	  -2.5749025721626047e+13	   2.6754484500000000e+11	
   2.5617277461913839e+07	  -2.6617668621253629e+13	   2.6927314000000000e+11	
   2.5677167716358766e+07	  -2.6672226204341852e+13	   2.6936407500000000e+11	
   2.5737121991801441e+07	  -2.6425674987497898e+13	   2.6934374500000000e+11	
   2.5796956872284003e+07	  -2.6257931196613203e+13	   2.6933514000000000e+11	
   2.5855906276174128e+07	  -2.6632708375639676e+13	   2.6941720500000000e+11	
   2.5914397045182228e+07	  -2.6466165660681719e+13	   2.6943214000000000e+11	
   2.5974397045182228e+07	  -2.4417406833648230e+13	   2.6376610500000000e+11	
   2.6034397045182228e+07	  -2.4459557879523164e+13	   2.6385144000000000e+11	
   2.6094397045182228e+07	  -2.4301059615392973e+13	   2.6387417000000000e+11	
   2.6154397045182228e+07	  -2.4492229848561727e+13	   2.6579273500000000e+11	
   2.6214125405730266e+07	  -2.3732435896581633e+13	   2.6448643500000000e+11	
   2.6272846872547999e+07	  -2.3466136041870539e+13	   2.6460103500000000e+11	
   2.6331786764280245e+07	  -2.3293427071165129e+13	   2.6653233500000000e+11	
   2.6391170350503936e+07	  -2.2998508344359746e+13	   2.6653133500000000e+11	
   2.6450911671102293e+07	  -2.2645881889935191e+13	   2.6457980000000000e+11	
   2.6505681032463424e+07	  -2.2549469392845996e+13	   2.6457490000000000e+11	
   2.6556816059801452e+07	  -2.2584023179786125e+13	   2.6645809500000000e+11	
   2.6616328227163594e+07	  -2.2438351494898852e+13	   2.6650569500000000e+11	
   2.6673081610471748e+07	  -2.2397120854953641e+13	   2.6648982500000000e+11	
   2.6730670193216369e+07	  -2.2032211019334172e+13	   2.6452729500000000e+11	
   2.6789868815649308e+07	  -2.2441708091011344e+13	   2.6538643000000000e+11	
   2.6849394230338421e+07	  -2.2118936232209086e+13	   2.6348576000000000e+11	
   2.6908441430640198e+07	  -2.2455594313059004e+13	   2.6544226500000000e+11	
   2.6967412318691812e+07	  -2.1822957027927305e+13	   2.6352236500000000e+11	
   2.7025782521927707e+07	  -2.1674002660929922e+13	   2.6351212500000000e+11	
   2.7085782521927707e+07	  -2.2132996248367664e+13	   2.6360346000000000e+11	
   2.7145447759199388e+07	  -2.1440703499568676e+13	   2.6369442500000000e+11	
   2.7204935847835302e+07	  -2.1127125480024508e+13	   2.6566889000000000e+11	
   2.7263146035604786e+07	  -2.1138355548086676e+13	   2.6567679500000000e+11	
   2.7322384424869932e+07	  -2.2258158523182871e+13	   2.6859936000000000e+11	
   2.7382324121202711e+07	  -2.1442680901538672e+13	   2.6668762500000000e+11	
   2.7442324121202711e+07	  -2.1105900913666430e+13	   2.6669809000000000e+11	
   2.7501204600116458e+07	  -2.0789881469528859e+13	   2.6479805500000000e+11	
   2.7560691961592097e+07	  -2.0865295420542168e+13	   2.6304196000000000e+11	
   2.7619875063616559e+07	  -2.0691607713577254e+13	   2.6303019000000000e+11	
   2.7679081565539937e+07	  -2.1215112018080484e+13	   2.6494765500000000e+11	
   2.7738656382232439e+07	  -1.9800054554767402e+13	   2.5919919000000000e+11	
   2.7798656382232439e+07	  -1.9673139064028168e+13	   2.6494685500000000e+11	
   2.7858656382232439e+07	  -1.9856875027325719e+13	   2.6492812000000000e+11	
   2.7917886503051218e+07	  -1.9818664629968707e+13	   2.6682098500000000e+11	
   2.7977886503051218e+07	  -1.9839678914997930e+13	   2.6497008500000000e+11	
   2.8037574431398183e+07	  -1.9551273978370098e+13	   2.6304318500000000e+11	
   2.8096027463257551e+07	  -1.9570063836880707e+13	   2.6112111500000000e+11	
   2.8154201252730314e+07	  -1.9645759378944359e+13	   2.6110608000000000e+11	
   2.8214050651574869e+07	  -1.9366297652257457e+13	   2.5917708500000000e+11	
   2.8273955778887127e+07	  -1.8618728430752445e+13	   2.5728231500000000e+11	
   2.8333721930503879e+07	  -1.8658080329535754e+13	   2.6303895000000000e+11	
   2.8393368860626422e+07	  -1.8609089598924453e+13	   2.6303141500000000e+11	
   2.8453368860626422e+07	  -1.8521509917840480e+13	   2.6493538000000000e+11	
   2.8511702191730052e+07	  -1.8458910260098672e+13	   2.6299304500000000e+11	
   2.8570934539605971e+07	  -1.8199187202653422e+13	   2.6114528000000000e+11	
   2.8630864818201486e+07	  -1.7920097674077910e+13	   2.5925844000000000e+11	
   2.8689929539070617e+07	  -1.8185208089640098e+13	   2.5743917500000000e+11	
   2.8749198470231421e+07	  -1.7395914527951133e+13	   2.5557954000000000e+11	
   2.8808883500512578e+07	  -1.7532557314103502e+13	   2.6137560500000000e+11	
   2.8868581118462626e+07	  -1.7385238514989785e+13	   2.6138630500000000e+11	
   2.8928428279024296e+07	  -1.7472422707922176e+13	   2.6138913500000000e+11	
   2.8987444214778092e+07	  -1.7564757386635252e+13	   2.6520703500000000e+11	
   2.9044614698359262e+07	  -1.7339993704671223e+13	   2.6137847000000000e+11	
   2.9104579454492729e+07	  -1.7374398575887668e+13	   2.6136093500000000e+11	
   2.9164579454492729e+07	  -1.6872674656902227e+13	   2.5561500000000000e+11	
   2.9224572878912974e+07	  -1.6226480561530217e+13	   2.5367190500000000e+11	
   2.9284534519139532e+07	  -1.6276450158147359e+13	   2.5946290500000000e+11	
   2.9343945666047446e+07	  -1.5766851665962355e+13	   2.6136597000000000e+11	
   2.9400924409038369e+07	  -1.5829574531918682e+13	   2.6136973500000000e+11	
   2.9460924409038369e+07	  -1.6142837422784822e+13	   2.6527203500000000e+11	
   2.9520458423680834e+07	  -1.5539883163864422e+13	   2.5956700000000000e+11	
   2.9579758713389628e+07	  -1.5421186448913498e+13	   2.5766813500000000e+11	
   2.9639455363916770e+07	  -1.5247631811505984e+13	   2.5573493000000000e+11	
   2.9697670831608333e+07	  -1.4786453295842215e+13	   2.5382953000000000e+11	
   2.9757321608717900e+07	  -1.4803445559305344e+13	   2.5764743000000000e+11	
   2.9816454228831816e+07	  -1.4768667626420473e+13	   2.5953640000000000e+11	
   2.9876058275229521e+07	  -1.4503427772927490e+13	   2.5954003000000000e+11	
   2.9935354661104646e+07	  -1.4589480351321027e+13	   2.5957469500000000e+11	
   2.9995149738336779e+07	  -1.3968226256522744e+13	   2.5574103000000000e+11	
   3.0055149738336779e+07	  -1.3892687361716971e+13	   2.5570552500000000e+11	
   3.0115149738336779e+07	  -1.3797239207797516e+13	   2.5190246000000000e+11	
   3.0173875232868511e+07	  -1.4371346454063111e+13	   2.5571136000000000e+11	
   3.0233601198140584e+07	  -1.3782543096745230e+13	   2.5569666000000000e+11	
   3.0292640713431817e+07	  -1.3839993907500133e+13	   2.5763042000000000e+11	
   3.0352640713431817e+07	  -1.4000493018075188e+13	   2.5954109000000000e+11	
   3.0410196951129623e+07	  -1.3251372263988436e+13	   2.5567155500000000e+11	
   3.0470196951129623e+07	  -1.2894616879799348e+13	   2.5377252000000000e+11	
   3.0530179069936708e+07	  -1.2647090208076893e+13	   2.5184985500000000e+11	
   3.0589720025058478e+07	  -1.2358011502383248e+13	   2.4990292500000000e+11	
   3.0649720025058478e+07	  -1.2523633241869277e+13	   2.5188352000000000e+11	
   3.0709620859299608e+07	   1.0008430195022072e+13	   1.8894472000000000e+11	
   3.0769620859299608e+07	   9.8501742178271484e+12	   1.9083939000000000e+11	
   3.0828215323207237e+07	   9.9577689273737793e+12	   1.9074795500000000e+11	
   3.0886663643145811e+07	   1.0317705181992957e+13	   1.8880299000000000e+11	
   3.0944937148011286e+07	   1.0666105223017754e+13	   1.8687045500000000e+11	
   3.1004347743170157e+07	   1.0816348241150418e+13	   1.8486125500000000e+11	
   3.1063405675312854e+07	   1.0695957526338361e+13	   1.8488768500000000e+11	
   3.1123294255148262e+07	   1.0781242053782193e+13	   1.8480715000000000e+11	
   3.1181183504806824e+07	   1.0605720743157080e+13	   1.8669589000000000e+11	
   3.1240982473756447e+07	   1.0332777544915828e+13	   1.8858512000000000e+11	
   3.1300689055590209e+07	   1.0415944915906496e+13	   1.8854805000000000e+11	
   3.1360689055590209e+07	   1.0855981982404139e+13	   1.8654535000000000e+11	
   3.1420689055590209e+07	   1.0930652093718947e+13	   1.8651668000000000e+11	
   3.1480689055590209e+07	   1.1419515691401484e+13	   1.8265628000000000e+11	
   3.1538510502409291e+07	   1.1411986457849900e+13	   1.8262721500000000e+11	
   3.1597733147238955e+07	   1.1412437619334785e+13	   1.8261288500000000e+11	
   3.1657651094168033e+07	   1.1249040135662502e+13	   1.8449034500000000e+11	
   3.1717651094168033e+07	   1.1294070399760270e+13	   1.8445201500000000e+11	
   3.1777398001016513e+07	   1.1269795772403471e+13	   1.8437108000000000e+11	
   3.1837398001016513e+07	   1.1320905497528643e+13	   1.8434708500000000e+11	
   3.1897337939393714e+07	   1.1617301801236004e+13	   1.8240818000000000e+11	
   3.1957304734017000e+07	   1.2010373528545764e+13	   1.8046821000000000e+11	
   3.2017304734017000e+07	   1.2367480445628609e+13	   1.7852511000000000e+11	
   3.2076212098583777e+07	   1.1999702610468596e+13	   1.8041521000000000e+11	
   3.2136000688002132e+07	   1.1751183214714830e+13	   1.8229944000000000e+11	
   3.2195007233336922e+07	   1.1452586394998723e+13	   1.8419504000000000e+11	
   3.2255007233336922e+07	   1.1779011750640795e+13	   1.8225727500000000e+11	
   3.2314991135776550e+07	   1.2085282561035951e+13	   1.8030724000000000e+11	
   3.2373935670756839e+07	   1.2499872293703900e+13	   1.7837140500000000e+11	
   3.2433499403717510e+07	   1.2050866308870123e+13	   1.8019978000000000e+11	
   3.2493499403717510e+07	   1.2444608174602562e+13	   1.7825891000000000e+11	
   3.2553319621459760e+07	   1.2465044238532506e+13	   1.7824324000000000e+11	
   3.2613298433528394e+07	   1.1747760812342895e+13	   1.8205377500000000e+11	
   3.2671413550475385e+07	   1.2093313234696459e+13	   1.8010367000000000e+11	
   3.2730861200814407e+07	   1.2501274073381676e+13	   1.7816020500000000e+11	
   3.2790735271092139e+07	   1.2872615697100176e+13	   1.7622737500000000e+11	
   3.2850445845835470e+07	   1.2977723136420670e+13	   1.7619343500000000e+11	
   3.2909034933537174e+07	   1.2972994045195543e+13	   1.7617903500000000e+11	
   3.2968778600042716e+07	   1.3026597233660627e+13	   1.7615694000000000e+11	
   3.3028778600042716e+07	   1.2647390892572334e+13	   1.7804644000000000e+11	
   3.3088744726701986e+07	   1.2627735356163039e+13	   1.7802387500000000e+11	
   3.3145583936988231e+07	   1.2585572022075297e+13	   1.7800517500000000e+11	
   3.3204543752511188e+07	   1.3002133161940480e+13	   1.7601833500000000e+11	
   3.3264172575377144e+07	   1.3304606956146432e+13	   1.7413584000000000e+11	
   3.3324172575377144e+07	   1.3779701659371949e+13	   1.7213347500000000e+11	
   3.3384160933202647e+07	   1.3369056068499312e+13	   1.7402420500000000e+11	
   3.3442120405590992e+07	   1.3806717811227959e+13	   1.7208047000000000e+11	
   3.3502120405590992e+07	   1.2869940587524885e+13	   1.7590943500000000e+11	
   3.3562120405590989e+07	   1.2814662582042963e+13	   1.7588490500000000e+11	
   3.3622045758698978e+07	   1.3281311698745973e+13	   1.7393890500000000e+11	
   3.3681428494637959e+07	   1.3967535150733047e+13	   1.7008760500000000e+11	
   3.3740707151371419e+07	   1.3706384731547047e+13	   1.7198487500000000e+11	
   3.3797415074988261e+07	   1.4079743594589859e+13	   1.7004013500000000e+11	
   3.3855040482616201e+07	   1.3692111509238521e+13	   1.7194657500000000e+11	
   3.3914966170523666e+07	   1.3606314905159578e+13	   1.7191370500000000e+11	
   3.3974333234516308e+07	   1.3579122454161264e+13	   1.7190187500000000e+11	
   3.4032482302019432e+07	   1.3214740341132020e+13	   1.7380430500000000e+11	
   3.4092012726785503e+07	   1.3680178570248062e+13	   1.7186450500000000e+11	
   3.4151544886132918e+07	   1.4066640456468654e+13	   1.6993753500000000e+11	
   3.4211413778158344e+07	   1.4154902304681943e+13	   1.6990694000000000e+11	
   3.4271264327304721e+07	   1.4096491188525482e+13	   1.6988823500000000e+11	
   3.4328734091834761e+07	   1.3968028473220148e+13	   1.6987183500000000e+11	
   3.4388591628384672e+07	   1.3731989252247385e+13	   1.6984946500000000e+11	
   3.4448270238933869e+07	   1.3807031615860209e+13	   1.6983300500000000e+11	
   3.4508270238933869e+07	   1.3744047740173664e+13	   1.6980910500000000e+11	
   3.4568218601701595e+07	   1.3809785600278871e+13	   1.6979097000000000e+11	
   3.4628139207934685e+07	   1.4271506723874395e+13	   1.6781683500000000e+11	
   3.4688118435352743e+07	   1.3708427107839234e+13	   1.6971607000000000e+11	
   3.4746359502106331e+07	   1.4053968749551740e+13	   1.6781240000000000e+11	
   3.4803432769473068e+07	   1.4484640636823146e+13	   1.6584190500000000e+11	
   3.4860369518114969e+07	   1.3551443604983768e+13	   1.6967000000000000e+11	
   3.4920007768456526e+07	   1.3485771762052791e+13	   1.6965507500000000e+11	
   3.4980007768456526e+07	   1.3921864928521424e+13	   1.6771603500000000e+11	
   3.5039916323957562e+07	   1.3935601466686291e+13	   1.6769850500000000e+11	
   3.5098846854805835e+07	   1.3867867666454143e+13	   1.6768647000000000e+11	
   3.5158827531455584e+07	   1.3843652128926293e+13	   1.6766824000000000e+11	
   3.5216931640097998e+07	   1.4250962684977549e+13	   1.6573384000000000e+11	
   3.5275439601013638e+07	   1.4160890056536344e+13	   1.6571497500000000e+11	
   3.5335434805011339e+07	   1.3638439542619617e+13	   1.6762017000000000e+11	
   3.5395424151864938e+07	   1.3529560500856191e+13	   1.6759847000000000e+11	
   3.5454946349539205e+07	   1.3966474571829326e+13	   1.6565484000000000e+11	
   3.5514744930703826e+07	   1.3995368394100699e+13	   1.6563354000000000e+11	
   3.5574599764519379e+07	   1.3950431274693975e+13	   1.6561874000000000e+11	
   3.5633957338177197e+07	   1.3865559187024850e+13	   1.6560897500000000e+11	
   3.5693957338177189e+07	   1.4851598446194549e+13	   1.6175081000000000e+11	
   3.5753897804302871e+07	   1.3811824330614293e+13	   1.6557454000000000e+11	
   3.5813897804302871e+07	   1.4197295813133025e+13	   1.6363457500000000e+11	
   3.5873506509287409e+07	   1.3528777237119262e+13	   1.6555237500000000e+11	
   3.5933506509287409e+07	   1.3955526706354984e+13	   1.6360717500000000e+11	
   3.5993192118692167e+07	   1.4406504816202426e+13	   1.6167097500000000e+11	
   3.6053177595796749e+07	   1.3901207909393355e+13	   1.6357751000000000e+11	
   3.6112293258146577e+07	   1.4351431651441830e+13	   1.6163517500000000e+11	
   3.6172293258146577e+07	   1.3689177012064029e+13	   1.6354087500000000e+11	
   3.6232293258146577e+07	   1.3598249668418488e+13	   1.6352737000000000e+11	
   3.6291614317299820e+07	   1.4143375915625795e+13	   1.6159097500000000e+11	
   3.6350543170548275e+07	   1.3520620538774912e+13	   1.6349394000000000e+11	
   3.6410326936784528e+07	   1.3265743076633863e+13	   1.6347777500000000e+11	
   3.6470321823137127e+07	   1.4299341099698375e+13	   1.5962724500000000e+11	
   3.6530068932270326e+07	   1.3923422780730863e+13	   1.6153177500000000e+11	
   3.6590068932270326e+07	   1.4880612456743992e+13	   1.5766971000000000e+11	
   3.6649953065421097e+07	   1.4338039289387146e+13	   1.5956587500000000e+11	
   3.6709783162810236e+07	   1.3520383678021016e+13	   1.6144567000000000e+11	
   3.6769783162810236e+07	   1.3433251236113135e+13	   1.6141507500000000e+11	
   3.6829686786950499e+07	   1.3864513922967438e+13	   1.5949170500000000e+11	
   3.6889686786950499e+07	   1.3233361364544074e+13	   1.6139827500000000e+11	
   3.6949468366893128e+07	   1.3793646828329365e+13	   1.5948761000000000e+11	
   3.7009428121790014e+07	   1.3693998077346623e+13	   1.5944698000000000e+11	
   3.7068897717887409e+07	   1.4833087850893602e+13	   1.5558555000000000e+11	
   3.7128877046834528e+07	   1.4105654112848738e+13	   1.5749521000000000e+11	
   3.7188877046834528e+07	   1.3439839033721588e+13	   1.5939687500000000e+11	
   3.7248319141860761e+07	   1.3276669288370309e+13	   1.5937714500000000e+11	
   3.7303116259353086e+07	   1.3748636579450258e+13	   1.5744327000000000e+11	
   3.7362993925449066e+07	   1.4224547418129652e+13	   1.5551517500000000e+11	
   3.7422993925449066e+07	   1.3571899646720531e+13	   1.5741175000000000e+11	
   3.7482883248702519e+07	   1.4088391437949557e+13	   1.5547891000000000e+11	
   3.7542568868594386e+07	   1.4099239101289688e+13	   1.5546004500000000e+11	
   3.7602488127252899e+07	   1.4104946213926320e+13	   1.5544287500000000e+11	
   3.7662488127252899e+07	   1.4442523205504902e+13	   1.5350711000000000e+11	
   3.7722234770275995e+07	   1.3224862455719293e+13	   1.5734328000000000e+11	
   3.7781829807782508e+07	   1.4209862997216006e+13	   1.5348288000000000e+11	
   3.7841335927899644e+07	   1.4181947869781391e+13	   1.5346885000000000e+11	
   3.7901335927899644e+07	   1.3023193389378949e+13	   1.5729687500000000e+11	
   3.7961292169090055e+07	   1.3400235140372811e+13	   1.5535965000000000e+11	
   3.8021292169090055e+07	   1.3914247718829836e+13	   1.5342648000000000e+11	
   3.8081292169090055e+07	   1.3807651232826469e+13	   1.5340508000000000e+11	
   3.8141272497200459e+07	   1.3799480651930602e+13	   1.5338644500000000e+11	
   3.8201022101313956e+07	   1.4246327069961463e+13	   1.5145401500000000e+11	
   3.8261012351318292e+07	   1.3605525687539367e+13	   1.5336038000000000e+11	
   3.8321012351318292e+07	   1.3005805986428188e+13	   1.5526471000000000e+11	
   3.8379903244255327e+07	   1.2840282002901471e+13	   1.5525467500000000e+11	
   3.8439766056978486e+07	   1.3790974922976381e+13	   1.5139245000000000e+11	
   3.8499766056978486e+07	   1.3144999049712203e+13	   1.5330071500000000e+11	
   3.8559766056978486e+07	   1.3651658159639547e+13	   1.5135645000000000e+11	
   3.8619180944016881e+07	   1.3057547506484811e+13	   1.5326451500000000e+11	
   3.8679180944016881e+07	   1.3448959352191758e+13	   1.5132948500000000e+11	
   3.8739180944016881e+07	   1.2791377926906268e+13	   1.5324661500000000e+11	
   3.8799016592368416e+07	   1.2778002207008367e+13	   1.5323451500000000e+11	
   3.8859011055612832e+07	   1.3816870065547459e+13	   1.4937075000000000e+11	
   3.8918022564042330e+07	   1.3669839353178875e+13	   1.4936635000000000e+11	
   3.8973828821462713e+07	   1.3547327309097814e+13	   1.4934188000000000e+11	
   3.9018989508484647e+07	   1.3411689088763883e+13	   1.4932955000000000e+11	
   3.9068072803320281e+07	   1.3338265452818369e+13	   1.4932162000000000e+11	
   3.9121488770812556e+07	   1.3382336864359863e+13	   1.4927361500000000e+11	
   3.9167075989270501e+07	   1.2629836571883475e+13	   1.5118649000000000e+11	
   3.9227035564857394e+07	   1.2033283015167738e+13	   1.5308672000000000e+11	
   3.9285800627042122e+07	   1.3117194359640934e+13	   1.4923318500000000e+11	
   3.9343570002573565e+07	   1.3030228151662160e+13	   1.4922005500000000e+11	
   3.9402066922789767e+07	   1.3523252368013582e+13	   1.4728459000000000e+11	
   3.9460597205679305e+07	   1.3348782441825088e+13	   1.4727142000000000e+11	
   3.9520544081673980e+07	   1.2637937492566680e+13	   1.4918575500000000e+11	
   3.9580459172896788e+07	   1.2508411691546932e+13	   1.4915509000000000e+11	
   3.9640459172896788e+07	   1.2343613482498689e+13	   1.4914166000000000e+11	
   3.9699793756958932e+07	   1.2880031809051682e+13	   1.4720606000000000e+11	
   3.9759669445737414e+07	   1.2881360500375096e+13	   1.4718602500000000e+11	
   3.9819653976608165e+07	   1.3244160517505139e+13	   1.4525632500000000e+11	
   3.9879653976608165e+07	   1.3185990408644750e+13	   1.4524045500000000e+11	
   3.9939327783515580e+07	   1.2505989184796355e+13	   1.4713555500000000e+11	
   3.9998176982150488e+07	   1.1682268520984107e+13	   1.4905046000000000e+11	
   4.0057309053632759e+07	   1.2108152028797854e+13	   1.4711376000000000e+11	
   4.0117249410094038e+07	   1.2612804639140902e+13	   1.4517669000000000e+11	
   4.0177222622388162e+07	   1.3205522349477215e+13	   1.4323836000000000e+11	
   4.0236035297539406e+07	   1.3127856117849686e+13	   1.4322302500000000e+11	
   4.0295586239214689e+07	   1.2930885709385053e+13	   1.4320739500000000e+11	
   4.0353165355405010e+07	   1.2286951551349182e+13	   1.4511062500000000e+11	
   4.0412996542692155e+07	   1.1981051343280885e+13	   1.4510222500000000e+11	
   4.0471508897882387e+07	   1.1824913558791482e+13	   1.4508413000000000e+11	
   4.0531250656279266e+07	   1.2371345802119252e+13	   1.4314713000000000e+11	
   4.0591008855043098e+07	   1.3050538922405992e+13	   1.4120489500000000e+11	
   4.0649834526307024e+07	   1.3562942522768146e+13	   1.3926983000000000e+11	
   4.0709215978866898e+07	   1.2719236923865131e+13	   1.4117853000000000e+11	
   4.0769215978866898e+07	   1.2602365006112264e+13	   1.4116583000000000e+11	
   4.0825466647267342e+07	   1.1795557526235145e+13	   1.4308006000000000e+11	
   4.0884432993714757e+07	   1.1747459936559631e+13	   1.4305476000000000e+11	
   4.0944432993714757e+07	   1.2871500928198953e+13	   1.3920023000000000e+11	
   4.1002664326738290e+07	   1.2058298494803590e+13	   1.4109953000000000e+11	
   4.1061853619975783e+07	   1.3192684007106471e+13	   1.3723539500000000e+11	
   4.1121685563709415e+07	   1.2437884594913828e+13	   1.3914169500000000e+11	
   4.1180908980179220e+07	   1.1014744719510123e+13	   1.4297609500000000e+11	
   4.1233879543929026e+07	   1.1438666015554494e+13	   1.4103823000000000e+11	
   4.1293273314480923e+07	   1.1946912456490031e+13	   1.3910163000000000e+11	
   4.1353163446933270e+07	   1.1891910142292867e+13	   1.3908233000000000e+11	
   4.1413158264646061e+07	   1.1783530309392000e+13	   1.3907493500000000e+11	
   4.1472944020049542e+07	   1.2969881029800070e+13	   1.3521253500000000e+11	
   4.1532447149443276e+07	   1.2224522357670371e+13	   1.3709640000000000e+11	
   4.1591969220963813e+07	   1.0772222086336504e+13	   1.4095710000000000e+11	
   4.1647186729930371e+07	   1.1794094434615262e+13	   1.3706370500000000e+11	
   4.1705560629528821e+07	   1.1628447219084316e+13	   1.3704830000000000e+11	
   4.1764646106120616e+07	   1.2165119058318355e+13	   1.3511876500000000e+11	
   4.1822323075392351e+07	   1.1488590131665385e+13	   1.3701809500000000e+11	
   4.1881826653165422e+07	   1.2103253610010645e+13	   1.3508073000000000e+11	
   4.1941289913092658e+07	   1.2033307097027301e+13	   1.3507306500000000e+11	
   4.2001003325478718e+07	   1.0674587983147533e+13	   1.3890093000000000e+11	
   4.2059332170290962e+07	   1.1094062467417260e+13	   1.3696866500000000e+11	
   4.2118418063588493e+07	   1.1576360005070041e+13	   1.3502437000000000e+11	
   4.2178315565916799e+07	   1.2005892154135346e+13	   1.3308586500000000e+11	
   4.2238185684694581e+07	   1.1233457455154590e+13	   1.3500433500000000e+11	
   4.2297869838870749e+07	   1.1129606990511543e+13	   1.3499103500000000e+11	
   4.2357825700152859e+07	   1.1179854626747951e+13	   1.3496210000000000e+11	
   4.2417640212240048e+07	   9.9247224567813203e+12	   1.3879263500000000e+11	
   4.2476779542348333e+07	   1.0223172936423443e+13	   1.3687013500000000e+11	
   4.2536589865172327e+07	   1.1224873747751980e+13	   1.3301380500000000e+11	
   4.2596343852159068e+07	   1.1762947271137344e+13	   1.3108110500000000e+11	
   4.2653456564367123e+07	   1.1002163406181023e+13	   1.3298680500000000e+11	
   4.2713117873214744e+07	   1.0863229592891125e+13	   1.3297067000000000e+11	
   4.2772967471261449e+07	   1.1412572265978389e+13	   1.3103817000000000e+11	
   4.2832874199205793e+07	   1.0037088385573768e+13	   1.3487050000000000e+11	
   4.2892356107803352e+07	   9.9784087454675781e+12	   1.3485817500000000e+11	
   4.2948503657937899e+07	   1.0973033221465094e+13	   1.3099680000000000e+11	
   4.3007337366680279e+07	   1.1611873610108992e+13	   1.2906121000000000e+11	
   4.3066902053489506e+07	   1.0752608713040127e+13	   1.3096177500000000e+11	
   4.3126158475079514e+07	   1.0623208661807455e+13	   1.3095771000000000e+11	
   4.3184863313224427e+07	   1.1136074564888211e+13	   1.2902317500000000e+11	
   4.3244428976461187e+07	   1.0381315297931920e+13	   1.3093091000000000e+11	
   4.3302962410950392e+07	   9.6280102791070684e+12	   1.3283784000000000e+11	
   4.3361894076404564e+07	   1.0156027517373727e+13	   1.3090374000000000e+11	
   4.3421240861001275e+07	   1.1342254325909748e+13	   1.2704027500000000e+11	
   4.3481192488095425e+07	   1.0522200749560646e+13	   1.2895624500000000e+11	
   4.3538391483210333e+07	   1.0346789529637707e+13	   1.2894770500000000e+11	
   4.3597881154660977e+07	   1.0845034251150898e+13	   1.2699247500000000e+11	
   4.3657724530998357e+07	   1.0138545062076221e+13	   1.2890537500000000e+11	
   4.3716908936029352e+07	   9.3244435513815879e+12	   1.3082171000000000e+11	
   4.3776099180977680e+07	   1.0464482749600977e+13	   1.2696427500000000e+11	
   4.3834946498873472e+07	   1.0992369974005402e+13	   1.2502864500000000e+11	
   4.3894025262637861e+07	   1.0228886849953545e+13	   1.2693141000000000e+11	
   4.3953397077892296e+07	   9.4487319984858242e+12	   1.2884154000000000e+11	
   4.4012740355651960e+07	   9.9697269526470938e+12	   1.2690267500000000e+11	
   4.4071559639708079e+07	   9.8638570572497969e+12	   1.2689044500000000e+11	
   4.4131038378235869e+07	   9.1224717153464844e+12	   1.2879894500000000e+11	
   4.4190684512722977e+07	   8.9701215529071855e+12	   1.2878735000000000e+11	
   4.4250476334937833e+07	   1.0673340409221004e+13	   1.2298336500000000e+11	
   4.4309588408372819e+07	   1.0024564805876045e+13	   1.2489060000000000e+11	
   4.4369274718097873e+07	   9.1887770791319902e+12	   1.2680466500000000e+11	
   4.4429099359198920e+07	   9.8314489255499531e+12	   1.2486400000000000e+11	
   4.4489099359198920e+07	   9.6182550248045625e+12	   1.2485263000000000e+11	
   4.4549035997666895e+07	   8.7486894897552637e+12	   1.2676253500000000e+11	
   4.4609021887386203e+07	   1.0459662932366578e+13	   1.2096946500000000e+11	
   4.4666559775916003e+07	   1.0284190630827262e+13	   1.2095946500000000e+11	
   4.4723222233005434e+07	   8.9057858003656914e+12	   1.2479817000000000e+11	
   4.4782931445465773e+07	   9.4178441667083066e+12	   1.2285743500000000e+11	
   4.4842106682278171e+07	   9.2894984907128945e+12	   1.2284073500000000e+11	
   4.4901445501289383e+07	   8.5061309149713877e+12	   1.2475000500000000e+11	
   4.4961183713738032e+07	   9.5766619761863184e+12	   1.2089340500000000e+11	
   4.5020446308862478e+07	   9.4773571763304727e+12	   1.2088393500000000e+11	
   4.5079968015846066e+07	   9.9194042927355527e+12	   1.1894453500000000e+11	
   4.5139528979808241e+07	   8.5872499359902461e+12	   1.2276913500000000e+11	
   4.5196498775729842e+07	   9.1229192926714473e+12	   1.2083766500000000e+11	
   4.5254281900875881e+07	   9.0172500586404961e+12	   1.2082673500000000e+11	
   4.5311847551987782e+07	   8.2809845592384160e+12	   1.2273073500000000e+11	
   4.5369038082990952e+07	   9.4093995553006387e+12	   1.1886900500000000e+11	
   4.5427697464158311e+07	   9.2579718107391777e+12	   1.1886343500000000e+11	
   4.5482790767994054e+07	   9.1452162555376328e+12	   1.1884590500000000e+11	
   4.5542099462470040e+07	   9.0539466278630586e+12	   1.1883550000000000e+11	
   4.5600909630063869e+07	   8.2263853457348936e+12	   1.2073367500000000e+11	
   4.5659842129239172e+07	   7.5027449155877422e+12	   1.2263217500000000e+11	
   4.5719328971550703e+07	   7.9842954323179365e+12	   1.2070230500000000e+11	
   4.5776377425503902e+07	   9.1235900626417715e+12	   1.1684990500000000e+11	
   4.5833182695158973e+07	   9.5944627164025293e+12	   1.1490824000000000e+11	
   4.5892367036657684e+07	   8.1177520558862939e+12	   1.1874333500000000e+11	
   4.5951908375182800e+07	   9.2343310238751699e+12	   1.1488077000000000e+11	
   4.6010357672487929e+07	   7.2119993796169355e+12	   1.2063637500000000e+11	
   4.6068173456323437e+07	   7.6836422023628154e+12	   1.1870673500000000e+11	
   4.6126483557763919e+07	   8.2208719567846660e+12	   1.1675953500000000e+11	
   4.6183899038159177e+07	   9.2846182963973770e+12	   1.1291197000000000e+11	
   4.6242494121576555e+07	   9.1739755592034980e+12	   1.1289264000000000e+11	
   4.6301597956152201e+07	   9.0266509999210293e+12	   1.1288574000000000e+11	
   4.6361105109065004e+07	   8.9493695498982266e+12	   1.1286827500000000e+11	
   4.6421045725530982e+07	   7.5551462185208789e+12	   1.1669687000000000e+11	
   4.6480860729745887e+07	   7.4175212179527266e+12	   1.1668141000000000e+11	
   4.6540115651845627e+07	   7.8540232602712432e+12	   1.1474284000000000e+11	
   4.6597338074457422e+07	   8.9618361432876777e+12	   1.1089277500000000e+11	
   4.6653444132358059e+07	   8.1970790384046719e+12	   1.1279554500000000e+11	
   4.6711806162353665e+07	   9.3365658259058320e+12	   1.0893534000000000e+11	
   4.6770826693575457e+07	   8.5771039781458584e+12	   1.1084547500000000e+11	
   4.6829636922678150e+07	   7.1926849310946152e+12	   1.1467854500000000e+11	
   4.6888923954705462e+07	   7.0484795259166084e+12	   1.1465863500000000e+11	
   4.6948615119564250e+07	   7.5802273406193633e+12	   1.1272787000000000e+11	
   4.7008281937121101e+07	   8.6707883517512207e+12	   1.0887044000000000e+11	
   4.7067729744510107e+07	   8.4880076567251035e+12	   1.0885807500000000e+11	
   4.7126554391324230e+07	   8.9926067665539414e+12	   1.0691994500000000e+11	
   4.7184707403427377e+07	   8.1592492037353525e+12	   1.0883281000000000e+11	
   4.7243742148251228e+07	   6.8002502464573594e+12	   1.1265608000000000e+11	
   4.7301794713893831e+07	   6.6719501093199004e+12	   1.1264331000000000e+11	
   4.7361028179894097e+07	   7.2746143025946260e+12	   1.1071094500000000e+11	
   4.7420318780375697e+07	   8.3135173171643047e+12	   1.0685314500000000e+11	
   4.7479908516349450e+07	   8.2185970778762793e+12	   1.0681998000000000e+11	
   4.7539398957279176e+07	   8.6784265708924229e+12	   1.0488491000000000e+11	
   4.7598402163706459e+07	   7.8849536216773447e+12	   1.0678831000000000e+11	
   4.7658103792625315e+07	   6.4467697072800654e+12	   1.1062184500000000e+11	
   4.7717206273310147e+07	   6.8623431972963828e+12	   1.0869174500000000e+11	
   4.7776736753320023e+07	   6.7093906146509346e+12	   1.0867414000000000e+11	
   4.7835045132248625e+07	   7.8565364556820693e+12	   1.0481791000000000e+11	
   4.7894994928904019e+07	   8.4749797382289814e+12	   1.0287661000000000e+11	
   4.7954303445972912e+07	   8.3433264361949307e+12	   1.0287238000000000e+11	
   4.8013829853779562e+07	   7.6642471446010762e+12	   1.0477778000000000e+11	
   4.8073829853779562e+07	   6.1735392149207188e+12	   1.0861078000000000e+11	
   4.8133515295887657e+07	   6.6357627821785518e+12	   1.0667398000000000e+11	
   4.8193237990215868e+07	   7.7223510000236992e+12	   1.0281521500000000e+11	
   4.8251555283653721e+07	   6.8953057693218301e+12	   1.0472431500000000e+11	
   4.8308809761294529e+07	   8.0064628216556621e+12	   1.0086368000000000e+11	
   4.8367762668252751e+07	   7.9094605490061934e+12	   1.0085235000000000e+11	
   4.8427511628088459e+07	   6.5441594953444111e+12	   1.0467878000000000e+11	
   4.8487367437959746e+07	   5.8389212026327949e+12	   1.0658994500000000e+11	
   4.8547218800198846e+07	   6.2939541250889883e+12	   1.0465228000000000e+11	
   4.8606849836323559e+07	   7.4493901888449756e+12	   1.0079608000000000e+11	
   4.8666481359178193e+07	   6.6256872945416045e+12	   1.0271138500000000e+11	
   4.8726395870345868e+07	   7.7502226820718301e+12	   9.8854380000000000e+10	
   4.8786150696961790e+07	   7.0511630669592217e+12	   1.0075872000000000e+11	
   4.8845647648069896e+07	   5.6536128116819199e+12	   1.0458311500000000e+11	
   4.8903579327476673e+07	   5.5483921593545576e+12	   1.0457301500000000e+11	
   4.8961760019290932e+07	   7.1790462488609160e+12	   9.8797650000000000e+10	
   4.9021290151891164e+07	   6.4828190425324062e+12	   1.0071195000000000e+11	
   4.9081129263329364e+07	   7.5833708961818203e+12	   9.6850625000000000e+10	
   4.9139975480333254e+07	   7.4731415773651982e+12	   9.6833920000000000e+10	
   4.9199014800373435e+07	   6.1078656886671826e+12	   1.0066242000000000e+11	
   4.9254703410693504e+07	   5.3033001846004521e+12	   1.0257262000000000e+11	
   4.9313071133568779e+07	   5.7669417886666582e+12	   1.0064052000000000e+11	
   4.9372754938285537e+07	   6.8864329637626357e+12	   9.6779120000000000e+10	
   4.9431047585816272e+07	   6.1197169335844238e+12	   9.8683890000000000e+10	
   4.9490834430271745e+07	   7.2545768931578604e+12	   9.4829955000000000e+10	
   4.9548850891115658e+07	   5.2416187582892090e+12	   1.0058475500000000e+11	
   4.9608403905739173e+07	   5.7301978534498379e+12	   9.8648355000000000e+10	
   4.9667638020590216e+07	   5.6379662814026357e+12	   9.8629590000000000e+10	
   4.9726945667643301e+07	   6.6724829977763467e+12	   9.4771655000000000e+10	
   4.9785650408796959e+07	   5.9793346815614297e+12	   9.6683615000000000e+10	
   4.9845480883131497e+07	   6.3649290006478867e+12	   9.4748020000000000e+10	
   4.9905309223093577e+07	   5.6971513466353975e+12	   9.6655225000000000e+10	
   4.9964001141601644e+07	   5.5256557379817041e+12	   9.6640620000000000e+10	
   5.0023657427953742e+07	   5.4409587628145654e+12	   9.6628385000000000e+10	
   5.0083293007895648e+07	   5.9509277957847920e+12	   9.4691280000000000e+10	
   5.0140445333883405e+07	   5.7822958124232256e+12	   9.4675750000000000e+10	
   5.0200265877011463e+07	   6.2698139491851826e+12	   9.2742120000000000e+10	
   5.0259914486200340e+07	   5.5835734191728662e+12	   9.4650790000000000e+10	
   5.0318496180772759e+07	   6.0361609880467881e+12	   9.2714255000000000e+10	
   5.0377402132158965e+07	   5.2897428756331016e+12	   9.4625990000000000e+10	
   5.0437013511371061e+07	   5.7448423862294863e+12	   9.2694255000000000e+10	
   5.0496632837686963e+07	   5.0371475005672959e+12	   9.4594990000000000e+10	
   5.0555833551183991e+07	   6.0557112629562725e+12	   9.0746495000000000e+10	
   5.0614877219026536e+07	   5.3786870065072402e+12	   9.2648990000000000e+10	
   5.0674356951611273e+07	   5.2455824240250674e+12	   9.2641755000000000e+10	
   5.0732177668539010e+07	   5.7452733849915898e+12	   9.0703155000000000e+10	
   5.0788112914235756e+07	   5.6093801850050566e+12	   9.0690890000000000e+10	
   5.0846963729166470e+07	   5.4938705240477861e+12	   9.0675660000000000e+10	
   5.0906125114761055e+07	   5.9037108737866680e+12	   8.8746490000000000e+10	
   5.0964601775473066e+07	   5.2190386916613906e+12	   9.0661660000000000e+10	
   5.1024275124445289e+07	   5.0309476706780527e+12	   9.0644825000000000e+10	
   5.1084074383530036e+07	   5.5297725920160127e+12	   8.8714490000000000e+10	
   5.1143671276677310e+07	   5.3691775290017363e+12	   8.8700325000000000e+10	
   5.1203549867392309e+07	   5.2443237636954160e+12	   8.8656740000000000e+10	
   5.1262590052089117e+07	   5.1679680483290176e+12	   8.8649080000000000e+10	
   5.1322369469611526e+07	   4.9945526906629912e+12	   8.8632345000000000e+10	
   5.1381459325722158e+07	   4.9185411979986504e+12	   8.8618945000000000e+10	
   5.1438772792762771e+07	   4.8073861297837949e+12	   8.8608475000000000e+10	
   5.1488980997203991e+07	   5.2650801225737070e+12	   8.6664840000000000e+10	
   5.1546287506659873e+07	   5.1565573958705586e+12	   8.6667475000000000e+10	
   5.1605237327256054e+07	   5.0523691302137031e+12	   8.6653045000000000e+10	
   5.1664799234429426e+07	   4.3424935036399517e+12	   8.8557545000000000e+10	
   5.1722285942296922e+07	   4.7435215420310088e+12	   8.6625510000000000e+10	
   5.1781601843434431e+07	   4.5664590926850801e+12	   8.6614810000000000e+10	
   5.1840737465826437e+07	   4.4667997586891738e+12	   8.6596080000000000e+10	
   5.1897878324708380e+07	   4.9799179723194619e+12	   8.4661145000000000e+10	
   5.1955868463321857e+07	   4.8885296682569482e+12	   8.4653715000000000e+10	
   5.2015777752960280e+07	   4.1603325989313560e+12	   8.6567610000000000e+10	
   5.2075437063505642e+07	   4.0708373543212046e+12	   8.6552815000000000e+10	
   5.2135324116815194e+07	   4.5264317265291299e+12	   8.4616645000000000e+10	
   5.2194271386134267e+07	   4.4332929252092344e+12	   8.4608545000000000e+10	
   5.2254155536044419e+07	   4.3106075480130415e+12	   8.4596410000000000e+10	
   5.2311416331818230e+07	   4.8097690075788955e+12	   8.2663045000000000e+10	
   5.2370032356448583e+07	   4.0564232677735435e+12	   8.4570375000000000e+10	
   5.2429585895948939e+07	   3.9438418240817500e+12	   8.4551080000000000e+10	
   5.2489431605227053e+07	   3.8190314152032549e+12	   8.4547110000000000e+10	
   5.2548950051820911e+07	   3.7235184933552070e+12	   8.4534615000000000e+10	
   5.2608946876045384e+07	   3.5855528542277515e+12	   8.4523245000000000e+10	
   5.2668463343988068e+07	   3.4694654750002520e+12	   8.4505175000000000e+10	
   5.2727124944654748e+07	   3.9687555532962266e+12	   8.2576840000000000e+10	
   5.2786278770771727e+07	   3.8269637205868457e+12	   8.2570010000000000e+10	
   5.2845996898474038e+07	   3.7231402669257856e+12	   8.2550910000000000e+10	
   5.2904924588220850e+07	   3.6413890138793022e+12	   8.2539610000000000e+10	
   5.2964431844149783e+07	   3.4812532500621328e+12	   8.2530245000000000e+10	
   5.3020283326578699e+07	   3.3894313191252295e+12	   8.2520480000000000e+10	
   5.3079579783522032e+07	   3.2551546318019229e+12	   8.2505540000000000e+10	
   5.3138512266063899e+07	   3.7126245985961982e+12	   8.0574975000000000e+10	
   5.3197893586292796e+07	   3.5746116126979048e+12	   8.0559780000000000e+10	
   5.3257344649953626e+07	   3.4681180720436709e+12	   8.0552815000000000e+10	
   5.3314699647475272e+07	   4.0406208334233281e+12	   7.8626045000000000e+10	
   5.3370274847532995e+07	   3.3040020124334512e+12	   8.0529245000000000e+10	
   5.3430080995115876e+07	   3.2496140886055933e+12	   8.0515645000000000e+10	
   5.3488034344871618e+07	   3.0780597368992427e+12	   8.0509410000000000e+10	
   5.3547463504095219e+07	   3.0115072813655234e+12	   8.0495180000000000e+10	
   5.3604738901996128e+07	   3.5151652137297681e+12	   7.8571015000000000e+10	
   5.3664347815763116e+07	   3.4630941626846738e+12	   7.8555745000000000e+10	
   5.3722485884256124e+07	   3.3870459696498271e+12	   7.8545445000000000e+10	
   5.3778037133549750e+07	   3.8725502368826851e+12	   7.6624980000000000e+10	
   5.3837219887852542e+07	   3.7885935288647231e+12	   7.6612350000000000e+10	
   5.3893677116080366e+07	   3.6787251155151436e+12	   7.6598915000000000e+10	
   5.3950999894622080e+07	   2.9290227029253486e+12	   7.8509445000000000e+10	
   5.4009913432939596e+07	   2.8211811927345962e+12	   7.8499480000000000e+10	
   5.4069457936243288e+07	   2.7080709583216445e+12	   7.8493780000000000e+10	
   5.4128667769515641e+07	   2.6360350229592378e+12	   7.8499995000000000e+10	
   5.4188338325751744e+07	   2.5872141898307358e+12	   7.8492625000000000e+10	
   5.4248322890647747e+07	   3.6812060558130640e+12	   7.4644660000000000e+10	
   5.4307654500598840e+07	   3.5560327881218472e+12	   7.4632960000000000e+10	
   5.4366728703545377e+07	   3.4614738554988789e+12	   7.4622930000000000e+10	
   5.4424634714925908e+07	   2.7998771959175054e+12	   7.6528165000000000e+10	
   5.4481769234144904e+07	   2.7284524945765586e+12	   7.6521730000000000e+10	
   5.4538981353214383e+07	   2.6287443370019761e+12	   7.6507530000000000e+10	
   5.4598404470238723e+07	   2.5717395376991655e+12	   7.6498865000000000e+10	
   5.4657926849228315e+07	   2.4972669615091572e+12	   7.6492200000000000e+10	
   5.4716344929962866e+07	   2.3945046176122085e+12	   7.6473030000000000e+10	
   5.4775471681558438e+07	   2.8689953499512979e+12	   7.4541330000000000e+10	
   5.4834867428030752e+07	   3.4057493908384365e+12	   7.2619465000000000e+10	
   5.4894451649835289e+07	   3.2754247714649751e+12	   7.2609100000000000e+10	
   5.4953209455210134e+07	   3.1956634276489565e+12	   7.2603965000000000e+10	
   5.5012165160439469e+07	   2.6196074771617915e+12	   7.4514300000000000e+10	
   5.5068810956505619e+07	   2.5272680323577959e+12	   7.4504335000000000e+10	
   5.5127896671794534e+07	   2.4497512263377915e+12	   7.4501200000000000e+10	
   5.5183594531679697e+07	   2.3893344167267954e+12	   7.4489135000000000e+10	
   5.5243268455688760e+07	   2.3138960637818745e+12	   7.4482900000000000e+10	
   5.5303033127196483e+07	   2.5151807940896851e+12	   7.2556265000000000e+10	
   5.5362808860286027e+07	   2.4144258768276104e+12	   7.2551435000000000e+10	
   5.5422751060548604e+07	   2.3215435323436943e+12	   7.2545900000000000e+10	
   5.5480858629049376e+07	   2.2416999938068413e+12	   7.2534765000000000e+10	
   5.5539612967130221e+07	   2.6317150470563530e+12	   7.0609000000000000e+10	
   5.5598497054014452e+07	   2.2606944851160894e+12	   7.2518965000000000e+10	
   5.5657310225171886e+07	   2.2089061379517690e+12	   7.2511395000000000e+10	
   5.5714805164431833e+07	   2.7911254985367798e+12	   7.0590765000000000e+10	
   5.5772680940759405e+07	   2.7400910943450986e+12	   7.0576130000000000e+10	
   5.5831683497948289e+07	   2.6845429369326992e+12	   7.0567695000000000e+10	
   5.5889796536535755e+07	   2.2269626843125361e+12	   7.2482425000000000e+10	
   5.5949433746416174e+07	   2.1952226592848247e+12	   7.2470160000000000e+10	
   5.6009433746416174e+07	   2.1438559610491396e+12	   7.2469830000000000e+10	
   5.6069309829449840e+07	   2.1089874604822908e+12	   7.2456965000000000e+10	
   5.6128086445470005e+07	   2.0137682392981392e+12	   7.2455200000000000e+10	
   5.6185927182243101e+07	   1.9709313437626743e+12	   7.2447760000000000e+10	
   5.6244448714665867e+07	   1.9332870863388313e+12	   7.2434225000000000e+10	
   5.6303821812311336e+07	   1.8781221812100950e+12	   7.2427930000000000e+10	
   5.6362146358374260e+07	   2.1457636268397402e+12	   7.0502230000000000e+10	
   0.0000000000000000e+00	   0.0000000000000000e+00	   0.0000000000000000e+00	
   0.0000000000000000e+00	   0.0000000000000000e+00	   0.0000000000000000e+00	
