   1.9750046550136912e-02	   0.0000000000000000e+00	   0.0000000000000000e+00	
   4.1832602975289485e-01	   0.0000000000000000e+00	   0.0000000000000000e+00	
   4.3668776851791495e+00	   0.0000000000000000e+00	   0.0000000000000000e+00	
   4.3632734068931477e+01	   0.0000000000000000e+00	   0.0000000000000000e+00	
   2.5542230661550570e+03	   0.0000000000000000e+00	   0.0000000000000000e+00	
   6.4319923880618944e+03	   0.0000000000000000e+00	   0.0000000000000000e+00	
   1.2280555603712815e+04	   0.0000000000000000e+00	   0.0000000000000000e+00	
   2.1415361608642401e+04	   0.0000000000000000e+00	   0.0000000000000000e+00	
   3.8160361336539827e+04	   0.0000000000000000e+00	   0.0000000000000000e+00	
   7.2796750286040507e+04	   0.0000000000000000e+00	   0.0000000000000000e+00	
   1.1099117914252273e+05	   0.0000000000000000e+00	   0.0000000000000000e+00	
   1.4788317992624483e+05	   0.0000000000000000e+00	   0.0000000000000000e+00	
   1.8405924645354308e+05	   0.0000000000000000e+00	   0.0000000000000000e+00	
   2.2004390184954694e+05	   0.0000000000000000e+00	   0.0000000000000000e+00	
   2.5617519000252575e+05	   0.0000000000000000e+00	   0.0000000000000000e+00	
   2.9267913506582397e+05	   0.0000000000000000e+00	   0.0000000000000000e+00	
   3.2890205833058944e+05	   0.0000000000000000e+00	   0.0000000000000000e+00	
   3.6443368474031420e+05	   0.0000000000000000e+00	   0.0000000000000000e+00	
   3.9985332936772081e+05	   0.0000000000000000e+00	   0.0000000000000000e+00	
   4.3559634337160212e+05	   0.0000000000000000e+00	   0.0000000000000000e+00	
   4.7196365295643697e+05	   0.0000000000000000e+00	   0.0000000000000000e+00	
   5.0917412780525099e+05	   0.0000000000000000e+00	   0.0000000000000000e+00	
   5.4740010629082576e+05	   0.0000000000000000e+00	   0.0000000000000000e+00	
   5.8682192895157658e+05	   0.0000000000000000e+00	   0.0000000000000000e+00	
   6.2756752984015574e+05	   0.0000000000000000e+00	   0.0000000000000000e+00	
   6.6995684057615174e+05	   0.0000000000000000e+00	   0.0000000000000000e+00	
   7.1418098729248322e+05	   0.0000000000000000e+00	   0.0000000000000000e+00	
   7.6055354805902112e+05	   0.0000000000000000e+00	   0.0000000000000000e+00	
   8.0939463296245167e+05	   0.0000000000000000e+00	   0.0000000000000000e+00	
   8.6108692945472302e+05	   0.0000000000000000e+00	   0.0000000000000000e+00	
   9.1596563900911936e+05	   0.0000000000000000e+00	   0.0000000000000000e+00	
   9.7438382041324372e+05	   0.0000000000000000e+00	   0.0000000000000000e+00	
   1.0343838204132437e+06	   0.0000000000000000e+00	   0.0000000000000000e+00	
   1.0943838204132437e+06	   0.0000000000000000e+00	   0.0000000000000000e+00	
   1.1543838204132440e+06	  -4.7848967021938713e+10	   1.7440000000000000e+08	
   1.2143838204132440e+06	  -1.2011239218977664e+11	   4.2000000000000000e+08	
   1.2743838204132440e+06	  -2.1696019828044977e+11	   7.4440000000000000e+08	
   1.3343838204132440e+06	  -3.2621999778288629e+11	   1.1004000000000000e+09	
   1.3943838204132440e+06	  -4.3324803418001428e+11	   1.4304000000000000e+09	
   1.4543838204132440e+06	  -8.9817958820590234e+11	   2.9432000000000000e+09	
   1.5143838204132440e+06	  -1.0510081025682620e+12	   3.3604000000000000e+09	
   1.5743838204132440e+06	  -1.2325832423264460e+12	   3.8516000000000000e+09	
   1.6343838204132440e+06	  -1.4404570261437405e+12	   4.3780000000000000e+09	
   1.6943838204132440e+06	  -1.2647430072219385e+12	   3.7456000000000000e+09	
   1.7543838204132440e+06	  -1.4955421369921826e+12	   4.3120000000000000e+09	
   1.8143838204132440e+06	  -1.7336417798350859e+12	   4.8624000000000000e+09	
   1.8743838204132440e+06	  -2.0144219557613093e+12	   5.4848000000000000e+09	
   1.9312593737334926e+06	  -2.2640997368376782e+12	   6.0172000000000000e+09	
   1.9868756102069372e+06	  -2.9900289532365737e+12	   7.7140000000000000e+09	
   2.0440584626696827e+06	  -2.8181621439892085e+12	   7.1908000000000000e+09	
   2.1022523545890413e+06	  -4.0365097068024976e+12	   1.0052000000000000e+10	
   2.1613679842349705e+06	  -4.3405456377363213e+12	   1.0688000000000000e+10	
   2.2213679842349705e+06	  -5.1312751771314150e+12	   1.2440800000000000e+10	
   2.2813679842349705e+06	  -5.9518272338745596e+12	   1.4192000000000000e+10	
   2.3413679842349705e+06	  -6.2980267397992412e+12	   1.4866000000000000e+10	
   2.4013679842349705e+06	  -7.1169088834072832e+12	   1.6592800000000000e+10	
   2.4613679842349705e+06	  -6.9724615118536826e+12	   1.6085600000000000e+10	
   2.5213679842349705e+06	  -8.3183651896026836e+12	   1.8972800000000000e+10	
   2.5813679842349705e+06	  -8.7017687420169980e+12	   1.9584800000000000e+10	
   2.6413679842349705e+06	  -9.6544560848578555e+12	   2.1363200000000000e+10	
   2.7013679842349705e+06	  -1.0045480677277025e+13	   2.1956000000000000e+10	
   2.7613679842349705e+06	  -9.2111010881892812e+12	   2.0033970000000000e+10	
   2.8213679842349705e+06	  -1.0700786098280977e+13	   2.2927190000000000e+10	
   2.8813679842349705e+06	  -1.1064673539014111e+13	   2.3458070000000000e+10	
   2.9413679842349705e+06	  -1.1524360721047426e+13	   2.3997670000000000e+10	
   3.0013679842349705e+06	  -1.1233149821726871e+13	   2.3263080000000000e+10	
   3.0613679842349705e+06	  -1.0908584012257119e+13	   2.2469300000000000e+10	
   3.1213679842349705e+06	  -1.0560165073968984e+13	   2.1718510000000000e+10	
   3.1813679842349705e+06	  -1.0909647133029018e+13	   2.2243240000000000e+10	
   3.2413679842349705e+06	  -1.1274803381007057e+13	   2.2768520000000000e+10	
   3.3013679842349705e+06	  -1.1693252539774842e+13	   2.3306550000000000e+10	
   3.3613679842349705e+06	  -1.1419704437666193e+13	   2.2528770000000000e+10	
   3.4213679842349705e+06	  -1.1086036352068225e+13	   2.1719990000000000e+10	
   3.4813679842349705e+06	  -1.2880307887048848e+13	   2.4795460000000000e+10	
   3.5413679842349705e+06	  -1.3938613575694416e+13	   2.6453930000000000e+10	
   3.6013679842349705e+06	  -1.2281853715218500e+13	   2.3155960000000000e+10	
   3.6613679842349705e+06	  -1.3434941257627213e+13	   2.4848810000000000e+10	
   3.7213679842349705e+06	  -1.5478310357763547e+13	   2.7944620000000000e+10	
   3.7813679842349705e+06	  -1.4316874279309986e+13	   2.5785590000000000e+10	
   3.8413679842349705e+06	  -1.5342169111176520e+13	   2.7604950000000000e+10	
   3.9013679842349705e+06	  -1.6588313208053357e+13	   2.9350220000000000e+10	
   3.9613679842349705e+06	  -1.7861361313148367e+13	   3.1176650000000000e+10	
   4.0213679842349705e+06	  -1.5763524151756109e+13	   2.7494720000000000e+10	
   4.0813679842349705e+06	  -1.7687045708468711e+13	   3.0524310000000000e+10	
   4.1413679842349705e+06	  -1.7923076960538816e+13	   3.0862130000000000e+10	
   4.2013679842349701e+06	  -1.7496133918817609e+13	   2.9884770000000000e+10	
   4.2613679842349701e+06	  -1.8595839922969309e+13	   3.1615050000000000e+10	
   4.3213679842349701e+06	  -1.8828119458640473e+13	   3.1990540000000000e+10	
   4.3813679842349701e+06	  -1.7488667705282301e+13	   2.9675900000000000e+10	
   4.4413679842349701e+06	  -1.8872025449498426e+13	   3.1421460000000000e+10	
   4.5013679842349701e+06	  -2.0752231085713141e+13	   3.4162430000000000e+10	
   4.5613679842349701e+06	  -2.0197960459663211e+13	   3.3210030000000000e+10	
   4.6156494534402993e+06	  -2.1374424712219668e+13	   3.4890180000000000e+10	
   4.6467059724166319e+06	  -1.9119172464728824e+13	   3.0519010000000000e+10	
   4.6662800512898685e+06	  -1.9585076329384703e+13	   3.0623380000000000e+10	
   4.6828614211738110e+06	  -1.9173736834790191e+13	   2.9726510000000000e+10	
   4.6989969764507739e+06	  -1.8329084473363973e+13	   2.8141840000000000e+10	
   4.7158759811940836e+06	  -1.8679119255687430e+13	   2.8434276300000000e+10	
   4.7343709342461461e+06	  -1.7839953588954938e+13	   2.6951997400000000e+10	
   4.7547995057341671e+06	  -1.9043274659565980e+13	   2.8889330200000000e+10	
   4.7756966658935789e+06	  -1.9646713779262250e+13	   2.9483057100000000e+10	
   4.7972690926770493e+06	  -1.9994883228159938e+13	   2.9681120700000000e+10	
   4.8196731839920981e+06	  -2.0782913467384461e+13	   3.0399647600000000e+10	
   4.8429849489155300e+06	  -2.1946194840903512e+13	   3.1135681400000000e+10	
   4.8672499592727320e+06	  -1.9853126651676168e+13	   2.7006685000000000e+10	
   4.8925570844304571e+06	  -2.2257231176394348e+13	   2.9256185000000000e+10	
   4.9189249368022056e+06	  -2.6985160802317852e+13	   3.5515115000000000e+10	
   4.9463888988689492e+06	  -2.5940407056455441e+13	   3.1852860000000000e+10	
   4.9747231637282688e+06	  -2.6787397988901043e+13	   3.1164780000000000e+10	
   5.0026789465722805e+06	  -2.8787853124397055e+13	   3.3112370000000000e+10	
   5.0167020247684726e+06	  -2.9314350987109824e+13	   3.1512695000000000e+10	
   5.0290095961414035e+06	  -3.1572392350151461e+13	   3.3803045000000000e+10	
   5.0402472399106454e+06	  -3.3731959867544184e+13	   3.6647363700000000e+10	
   5.0506708628229275e+06	  -3.4642865868264488e+13	   3.7437088300000000e+10	
   5.0605805716334702e+06	  -3.4640178122619805e+13	   3.6690854700000000e+10	
   5.0701127223668378e+06	  -3.8761634631142297e+13	   4.2157395600000000e+10	
   5.0793911707403464e+06	  -3.8752921803235398e+13	   4.1407556000000000e+10	
   5.0884424388043648e+06	  -4.1383591311634078e+13	   4.4157593400000000e+10	
   5.0973840855809348e+06	  -4.3710644210210484e+13	   4.6558710100000000e+10	
   5.1062551227695141e+06	  -4.6213976715026180e+13	   4.8998962600000000e+10	
   5.1151512906840369e+06	  -4.8503170522385047e+13	   5.1234480900000000e+10	
   5.1241930458713491e+06	  -4.9218444771855570e+13	   5.2029546000000000e+10	
   5.1334052964210445e+06	  -4.8680983114884586e+13	   5.0734274100000000e+10	
   5.1428710574172447e+06	  -5.0845771810913094e+13	   5.3025606400000000e+10	
   5.1524542345314752e+06	  -5.4645108940684508e+13	   5.6972239400000000e+10	
   5.1585385671788333e+06	  -5.5323716609152227e+13	   5.5993984400000000e+10	
   5.1636720339794941e+06	  -5.5081928313217914e+13	   5.5261434400000000e+10	
   5.1673695750950472e+06	  -5.4619242769253156e+13	   5.5520876100000000e+10	
   5.1704856124817543e+06	  -5.5872646844735594e+13	   5.7412094400000000e+10	
   5.1730880026779501e+06	  -5.6941105702070094e+13	   5.7914673600000000e+10	
   5.1754051282589817e+06	  -5.7598313221837930e+13	   5.7799048000000000e+10	
   5.1778841695871344e+06	  -5.6596708211404922e+13	   5.5919410000000000e+10	
   5.1804866375036789e+06	  -5.8479755098234930e+13	   5.7649226100000000e+10	
   5.1829683179674363e+06	  -5.7678153789709508e+13	   5.5648430000000000e+10	
   5.1852343737093620e+06	  -5.8320193139913398e+13	   5.5277515000000000e+10	
   5.1872890692251036e+06	  -5.9172028224997547e+13	   5.4904820000000000e+10	
   5.1893317391478242e+06	  -6.0167748366562250e+13	   5.4596480000000000e+10	
   5.1915277904783608e+06	  -6.0805350536904977e+13	   5.3899120000000000e+10	
   5.1940647082961788e+06	  -6.4766379396439203e+13	   5.6879260000000000e+10	
   5.1969307622611988e+06	  -6.2779815133721312e+13	   5.6594555000000000e+10	
   5.1999294329425087e+06	  -5.7412111799155586e+13	   5.6814070000000000e+10	
   5.2030756440451657e+06	  -5.0248823056917898e+13	   5.6557965000000000e+10	
   5.2063451238332968e+06	  -4.1986720050077570e+13	   5.6309570000000000e+10	
   5.2096546392027522e+06	  -2.9005496807386406e+13	   5.6092970000000000e+10	
   5.2126295624410454e+06	  -3.0587601446146840e+13	   5.7110955000000000e+10	
   5.2145550025815833e+06	  -7.1804553414230906e+13	   5.6946340000000000e+10	
   5.2160990830240436e+06	  -7.8129272700505297e+13	   5.6591620000000000e+10	
   5.2173939113198565e+06	  -2.7020883445873191e+13	   1.5181000000000000e+10	
   5.2185527373631857e+06	  -2.6767019944192812e+13	   1.5179500000000000e+10	
   5.2195274603130585e+06	  -2.7295737440940207e+13	   1.5176000000000000e+10	
   5.2203361021628948e+06	  -2.3199065810719359e+13	   1.3490000000000000e+10	
   5.2210313219472962e+06	  -2.2701495454451223e+13	   1.3485500000000000e+10	
   5.2216431626243824e+06	  -2.2245206739869453e+13	   1.3481000000000000e+10	
   5.2221858193519907e+06	  -2.2847355406914902e+13	   1.3475000000000000e+10	
   5.2226699777135821e+06	  -2.2815497027990789e+13	   1.3471000000000000e+10	
   5.2231027787605608e+06	  -2.2374068153675102e+13	   1.3467000000000000e+10	
   5.2234991837001164e+06	  -2.2295331059011672e+13	   1.3462000000000000e+10	
   5.2238909665057324e+06	  -2.2746576299909316e+13	   1.3458500000000000e+10	
   5.2243208110112343e+06	  -2.3081140895704633e+13	   1.3454500000000000e+10	
   5.2248282967671063e+06	  -2.2658174189991277e+13	   1.3451500000000000e+10	
   5.2254616308234213e+06	  -2.3055657351990430e+13	   1.3450000000000000e+10	
   5.2263201604571473e+06	  -2.3580804839457168e+13	   1.3447500000000000e+10	
   5.2276020918906769e+06	  -2.3024088926191145e+13	   1.3445000000000000e+10	
   5.2295728714747569e+06	  -2.1843607546343578e+13	   1.3442500000000000e+10	
   5.2323565621918682e+06	  -2.2319960362601328e+13	   1.3441000000000000e+10	
   5.2355836990881171e+06	  -2.1415996490967477e+13	   1.3437000000000000e+10	
   5.2389273660055930e+06	  -2.6160848712767273e+13	   1.5113000000000000e+10	
   5.2425046267195102e+06	  -2.2166358261451867e+13	   1.3435500000000000e+10	
   5.2464124997690767e+06	  -2.0275152295947461e+13	   1.1758500000000000e+10	
   5.2507661492264196e+06	  -2.0208792127533457e+13	   1.1757000000000000e+10	
   5.2557077428872166e+06	  -2.0466759316997652e+13	   1.1755500000000000e+10	
   5.2613433375061834e+06	  -1.9663529946771582e+13	   1.1754000000000000e+10	
   5.2682237418322982e+06	  -2.1815548966202938e+13	   1.3426000000000000e+10	
   5.2775986814999860e+06	  -2.2061850085797051e+13	   1.1751500000000000e+10	
   5.2912382611634582e+06	  -1.9699812937503609e+13	   1.1749000000000000e+10	
   5.3093320768896360e+06	  -2.0541863857452602e+13	   1.1748000000000000e+10	
   5.3312773216765681e+06	  -1.6900180117385609e+13	   1.0070500000000000e+10	
   5.3536014916015090e+06	  -1.8097775680304102e+13	   1.0067500000000000e+10	
   5.3787477845758433e+06	  -1.7806235472552258e+13	   1.0066500000000000e+10	
   5.4143797970924126e+06	  -1.3431104547058268e+13	   8.3895000000000000e+09	
   5.4691820633090073e+06	  -1.3582053495299602e+13	   8.3850000000000000e+09	
   5.5291820633090073e+06	  -1.1889468708376219e+13	   6.7090000000000000e+09	
   5.5891820633090073e+06	  -1.2618450953694549e+13	   6.7075000000000000e+09	
   5.6491820633090073e+06	  -1.0090437126529227e+13	   5.0340000000000000e+09	
   5.7091820633090073e+06	  -1.0368992703278432e+13	   5.0335000000000000e+09	
   5.7691820633090073e+06	  -5.2822554748367607e+10	   2.7000000000000000e+07	
   5.8291820633090073e+06	  -3.5071044720176797e+12	   1.6935000000000000e+09	
   5.8891820633090073e+06	  -4.0954110840870674e+12	   1.6925000000000000e+09	
   5.9491820633090073e+06	  -5.3088037744712433e+10	   2.5500000000000000e+07	
   6.0091820633090073e+06	  -5.5225220067715340e+10	   2.7000000000000000e+07	
   6.0691820633090073e+06	  -5.4952938703466988e+10	   2.6000000000000000e+07	
   6.1291820633090073e+06	  -5.7459392785671173e+10	   2.6500000000000000e+07	
   6.1891820633090073e+06	  -5.7457526675853127e+10	   2.6500000000000000e+07	
   6.2487712411204726e+06	  -6.0780753500935501e+10	   2.8500000000000000e+07	
   6.2991852477085907e+06	  -5.7411548364741081e+10	   2.6000000000000000e+07	
   6.3267811167802112e+06	  -5.6944225015331741e+10	   2.6000000000000000e+07	
   6.3477248450675085e+06	  -6.1555243324013245e+10	   2.8500000000000000e+07	
   6.3687899328273227e+06	  -5.6010142694782661e+10	   2.7000000000000000e+07	
   6.3896161999016106e+06	  -5.8614517378635765e+10	   2.7500000000000000e+07	
   6.4081079723511403e+06	  -5.3938933004871078e+10	   2.6500000000000000e+07	
   6.4246943437003829e+06	  -5.1234761798754570e+10	   2.5000000000000000e+07	
   6.4410634483274315e+06	  -5.4324075300828506e+10	   2.6000000000000000e+07	
   6.4570840202926798e+06	  -5.2240321809377098e+10	   2.5500000000000000e+07	
   6.4730066564868325e+06	  -5.2192411497528282e+10	   2.5000000000000000e+07	
   6.4884664048615713e+06	  -5.2519269118724174e+10	   2.5000000000000000e+07	
   6.5028907451431137e+06	  -5.5393602235928680e+10	   2.6000000000000000e+07	
   6.5166231325971307e+06	  -4.9672471310020515e+10	   2.5000000000000000e+07	
   6.5303987353726393e+06	  -5.4003394276847641e+10	   2.4500000000000000e+07	
   6.5487464667473696e+06	  -5.0968942853060257e+10	   2.5000000000000000e+07	
   6.5764781498164507e+06	  -2.2174221370158828e+12	   1.6750000000000000e+09	
   6.6073607371071996e+06	  -5.0726961064148720e+10	   2.4000000000000000e+07	
   6.6389210173299871e+06	  -3.0523698300348198e+12	   1.6745000000000000e+09	
   6.6718395636463417e+06	  -5.0366215622324699e+10	   2.3500000000000000e+07	
   6.7059904509071019e+06	  -2.6551074845158032e+12	   1.6700000000000000e+09	
   6.7400734747660831e+06	  -4.2740334818976730e+10	   2.1000000000000000e+07	
   6.7742740600890107e+06	  -2.7337177698866284e+12	   1.6710000000000000e+09	
   6.8086121037187353e+06	  -4.5077757005693863e+10	   2.1500000000000000e+07	
   6.8396384492105292e+06	  -2.4154624932967803e+12	   1.6660000000000000e+09	
   6.8690626020806516e+06	  -4.2173895664460403e+10	   1.9500000000000000e+07	
   6.8989398700878341e+06	  -4.8056904115434837e+10	   2.3000000000000000e+07	
   6.9281093429991240e+06	  -4.2595733098655762e+10	   2.0000000000000000e+07	
   6.9556491870733742e+06	  -3.7732247164163086e+10	   1.9000000000000000e+07	
   6.9811281732848901e+06	  -4.5212347585184395e+10	   2.2000000000000000e+07	
   7.0061681187734697e+06	  -3.4321761265111595e+10	   1.8000000000000000e+07	
   7.0301919258688884e+06	  -4.3881984986953529e+10	   2.0500000000000000e+07	
   7.0528034554442726e+06	  -3.9714779556993256e+10	   2.0000000000000000e+07	
   7.0740828726511067e+06	  -3.8192326235780243e+10	   2.0500000000000000e+07	
   7.0945530079172431e+06	   1.0149062056728902e+11	   1.0050000000000000e+08	
   7.1146897040760247e+06	   2.3930211382432051e+12	   1.1230000000000000e+09	
   7.1344923187419875e+06	   2.1100161430746992e+12	   1.4465000000000000e+09	
   7.1551541253495403e+06	   6.9282241736681519e+10	   3.4100000000000000e+08	
   7.1790660186428064e+06	  -3.6317927829683388e+10	   1.8000000000000000e+07	
   7.2109016758753657e+06	  -3.7247359448769699e+10	   1.9000000000000000e+07	
   7.2662536241400000e+06	  -3.6498150107552628e+10	   1.9000000000000000e+07	
   7.3262536241400000e+06	  -3.0654209079468128e+10	   1.5500000000000000e+07	
   7.3862536241400000e+06	  -2.5111649194498337e+10	   1.4500000000000000e+07	
   7.4462536241400000e+06	  -2.5863085292890356e+12	   1.7330000000000000e+09	
   7.5062536241400000e+06	  -1.4313918817850894e+12	   1.6390000000000000e+09	
   7.5662536241400000e+06	  -6.2974066641177852e+12	   4.8885000000000000e+09	
   7.6262536241400000e+06	  -4.9930124415865352e+12	   4.8830000000000000e+09	
   7.6862536241400000e+06	  -5.0959795264568721e+12	   4.9725000000000000e+09	
   7.7462536241400000e+06	  -5.2678678749094014e+12	   4.9705000000000000e+09	
   7.8062536241400000e+06	  -3.6599541786634409e+12	   3.3450000000000000e+09	
   7.8662536241400000e+06	  -4.9078129632916738e+12	   6.4820000000000000e+09	
   7.9262536241400000e+06	  -7.3181821388642754e+12	   6.4780000000000000e+09	
   7.9862536241400000e+06	  -7.8263338944412139e+12	   4.8575000000000000e+09	
   8.0462536241400000e+06	  -6.9223438528137773e+12	   4.8515000000000000e+09	
   8.1062536241400000e+06	  -6.9217672881869141e+12	   6.4590000000000000e+09	
   8.1662536241400000e+06	  -8.4609740094168193e+12	   6.4545000000000000e+09	
   8.2262536241400000e+06	  -3.9906652214953120e+12	   4.8320000000000000e+09	
   8.2862536241400000e+06	  -4.6096386773796260e+12	   4.8300000000000000e+09	
   8.3462536241400000e+06	  -6.3494452095414746e+12	   6.7875000000000000e+09	
   8.4062536241400000e+06	  -3.3065772184652280e+12	   7.8460000000000000e+09	
   8.4662536241400000e+06	  -4.5465405914793877e+12	   6.2090000000000000e+09	
   8.5262536241400000e+06	  -2.2220089918787446e+12	   5.7160000000000000e+09	
   8.5862536241400000e+06	  -2.8679831756843315e+12	   3.5560000000000000e+09	
   8.6462536241400000e+06	  -1.4162317277263042e+12	   1.9710000000000000e+09	
   8.7062536241400000e+06	  -2.3758594583376709e+12	   1.9655000000000000e+09	
   8.7662536241400000e+06	  -4.1918040995229399e+12	   3.5525000000000000e+09	
   8.8262536241400000e+06	  -4.1722282866533477e+12	   3.4430000000000000e+09	
   8.8862536241400000e+06	  -2.0391707762446357e+12	   2.2605000000000000e+09	
   8.9462536241400018e+06	  -5.8654994066595312e+11	   2.3655000000000000e+09	
   9.0062536241400018e+06	   4.5240224021538057e+12	   4.2985000000000000e+09	
   9.0662536241400018e+06	  -2.2822615553523618e+12	   1.7175000000000000e+09	
   9.1262536241400018e+06	  -1.8336704521671729e+12	   1.5945000000000000e+09	
   9.1862536241400018e+06	  -3.0030339557511826e+12	   1.5955000000000000e+09	
   9.2462536241400018e+06	  -9.5832110440832405e+09	   5.0000000000000000e+06	
   9.3062536241400018e+06	  -1.0413352033476433e+10	   5.5000000000000000e+06	
   9.3662536241400018e+06	  -1.2514370349152693e+10	   6.5000000000000000e+06	
   9.4262536241400018e+06	  -7.3834368883554001e+09	   3.5000000000000000e+06	
   9.4862536241400018e+06	  -8.9481609095248165e+09	   4.5000000000000000e+06	
   9.5462536241400018e+06	  -2.1050317047868060e+11	   1.3000000000000000e+08	
   9.6062536241400018e+06	  -6.2980194611810846e+09	   3.5000000000000000e+06	
   9.6662536241400018e+06	  -2.2316899514418954e+11	   2.6950000000000000e+08	
   9.7262536241400018e+06	  -3.8352046945626060e+10	   4.2500000000000000e+08	
   9.7862536241400018e+06	  -2.4235021932796097e+10	   8.5450000000000000e+08	
   9.8462536241400018e+06	   5.0239326481811035e+11	   1.0420000000000000e+09	
   9.9062536241400018e+06	   3.8675094892925079e+11	   7.3850000000000000e+08	
   9.9662536241400018e+06	   8.4386505824414197e+11	   1.5995000000000000e+09	
   1.0026252083004300e+07	   1.4500857917276505e+11	   1.1505000000000000e+09	
   1.0086252083004300e+07	   5.6214002348924146e+11	   1.9215000000000000e+09	
   1.0146252083004300e+07	   5.1696581064647925e+11	   1.6235000000000000e+09	
   1.0206252083004300e+07	  -3.0842838333308026e+11	   2.0255000000000000e+09	
   1.0266252083004300e+07	  -3.6688407496328607e+11	   1.6210000000000000e+09	
   1.0326252083004300e+07	  -2.8542005004385730e+11	   1.5890000000000000e+09	
   1.0386252083004300e+07	  -1.8106621019771811e+11	   1.6450000000000000e+09	
   1.0446252083004300e+07	  -5.3917935383356255e+10	   1.0845000000000000e+09	
   1.0506252083004300e+07	  -1.0640559011573520e+11	   2.3115000000000000e+09	
   1.0566252083004300e+07	  -6.5966755886646924e+11	   2.2710000000000000e+09	
   1.0626252083004300e+07	  -8.9393525216767834e+11	   2.7695000000000000e+09	
   1.0686252083004300e+07	  -2.6782002506348163e+11	   2.9480000000000000e+09	
   1.0746252083004300e+07	  -7.4472139707474268e+11	   2.7765000000000000e+09	
   1.0806170462216932e+07	  -9.8701564144257431e+09	   1.9685000000000000e+09	
   1.0866170462216932e+07	   1.3890029955584595e+11	   2.6020000000000000e+09	
   1.0926170462216932e+07	  -2.5523321355454251e+11	   2.3235000000000000e+09	
   1.0986170462216932e+07	  -2.2524176624754120e+11	   1.2235000000000000e+09	
   1.1046170462216932e+07	   1.6859863238792682e+11	   1.2385000000000000e+09	
   1.1106170462216932e+07	   2.8910173984300793e+11	   1.1120000000000000e+09	
   1.1166170462216932e+07	   3.8999670370439801e+11	   9.3450000000000000e+08	
   1.1226170462216932e+07	   4.5635746435305988e+11	   9.2950000000000000e+08	
   1.1286170462216932e+07	   4.1420104968507379e+11	   6.2950000000000000e+08	
   1.1346170462216932e+07	   4.5887148742343396e+11	   6.4100000000000000e+08	
   1.1406170462216932e+07	   1.2733842961391606e+12	   6.6600000000000000e+08	
   1.1466170462216932e+07	   1.0082534931523427e+12	   4.9300000000000000e+08	
   1.1526170462216932e+07	   1.1603483085482256e+12	   8.2100000000000000e+08	
   1.1586170462216932e+07	   1.3564601645379158e+12	   9.8000000000000000e+08	
   1.1646170462216932e+07	   9.6416075246912012e+11	   1.1500000000000000e+09	
   1.1706170462216932e+07	   9.7872704843835913e+11	   8.0750000000000000e+08	
   1.1766170462216932e+07	   6.2019495923641406e+11	   1.2985000000000000e+09	
   1.1826170462216932e+07	  -3.9335091841354437e+11	   1.3140000000000000e+09	
   1.1886170462216932e+07	  -3.1289846750903552e+11	   8.5150000000000000e+08	
   1.1946170462216932e+07	  -4.3623502202986298e+11	   5.2200000000000000e+08	
   1.2006170462216932e+07	  -1.5320214298376660e+11	   3.6500000000000000e+08	
   1.2066170462216932e+07	  -3.1285498886994562e+11	   1.0255000000000000e+09	
   1.2126170462216932e+07	  -3.7666209615801416e+11	   1.5065000000000000e+09	
   1.2186170462216932e+07	  -1.0132402507476965e+12	   2.1555000000000000e+09	
   1.2246170462216932e+07	  -6.8061250985063770e+11	   2.3310000000000000e+09	
   1.2306170462216932e+07	  -2.4604736068413794e+11	   1.6920000000000000e+09	
   1.2366170462216932e+07	  -5.6909871050032068e+11	   1.5035000000000000e+09	
   1.2426170462216932e+07	  -1.2776838065066177e+12	   1.8095000000000000e+09	
   1.2486170462216932e+07	  -1.0466561419404576e+12	   1.4840000000000000e+09	
   1.2546170462216932e+07	  -1.4025934637864480e+12	   1.8230000000000000e+09	
   1.2606170462216932e+07	  -6.4367256666739185e+11	   2.3105000000000000e+09	
   1.2666170462216932e+07	  -4.2979871116748901e+11	   2.3135000000000000e+09	
   1.2726170462216932e+07	  -1.5069898641417812e+12	   3.0875000000000000e+09	
   1.2786170462216932e+07	  -1.3583218413526306e+12	   2.4650000000000000e+09	
   1.2846170462216932e+07	  -9.0935493988236609e+11	   2.9090000000000000e+09	
   1.2906170462216932e+07	  -1.0417544473579141e+12	   2.1185000000000000e+09	
   1.2966170462216932e+07	  -7.8345912762404150e+11	   1.9415000000000000e+09	
   1.3026170462216932e+07	  -6.5986514097770630e+11	   2.1040000000000000e+09	
   1.3086170462216932e+07	  -2.3787064187824146e+11	   1.7580000000000000e+09	
   1.3146170462216932e+07	  -1.5273469841577283e+11	   1.2795000000000000e+09	
   1.3206170462216932e+07	  -6.3569614930976880e+11	   1.4445000000000000e+09	
   1.3266170462216932e+07	  -8.5715749224249924e+10	   9.5200000000000000e+08	
   1.3326170462216932e+07	   1.0635604240025860e+10	   6.4250000000000000e+08	
   1.3386170462216932e+07	   2.5901689204447910e+10	   7.9050000000000000e+08	
   1.3446170462216932e+07	  -2.6731863503090958e+11	   4.7850000000000000e+08	
   1.3506170462216932e+07	  -1.3151404897160237e+11	   1.8750000000000000e+08	
   1.3566170462216932e+07	  -1.0079770141842522e+11	   1.8250000000000000e+08	
   1.3626170462216932e+07	  -5.2685024543198212e+10	   5.1500000000000000e+08	
   1.3686170462216932e+07	  -3.5296687240158478e+11	   5.1150000000000000e+08	
   1.3746170462216932e+07	  -1.4159819900370566e+11	   3.4550000000000000e+08	
   1.3806170462216932e+07	  -4.1876649206909009e+11	   8.1500000000000000e+08	
   1.3866170462216932e+07	  -2.4981461222550903e+11	   6.8300000000000000e+08	
   1.3926170462216932e+07	  -4.5149215845582764e+11	   6.6500000000000000e+08	
   1.3986170462216932e+07	  -6.1003670366299292e+11	   1.1285000000000000e+09	
   1.4046170462216932e+07	  -4.6507287146183777e+11	   6.7400000000000000e+08	
   1.4106170462216932e+07	  -2.7871778931163660e+11	   6.6500000000000000e+08	
   1.4165960548530361e+07	  -4.8955728181095020e+11	   8.2050000000000000e+08	
   1.4225960548530361e+07	  -7.4387436207170142e+11	   1.3045000000000000e+09	
   1.4285960548530361e+07	  -7.6126657207017834e+11	   1.3150000000000000e+09	
   1.4345960548530361e+07	  -8.6389302709823096e+11	   1.7615000000000000e+09	
   1.4405960548530361e+07	  -6.4703194746012341e+11	   1.2920000000000000e+09	
   1.4465960548530361e+07	  -9.5486974341098621e+11	   1.9300000000000000e+09	
   1.4525960548530361e+07	  -1.1429439651871895e+12	   2.3880000000000000e+09	
   1.4585960548530361e+07	  -6.7167746479925647e+11	   1.7530000000000000e+09	
   1.4645960548530361e+07	  -7.3329272411675464e+11	   2.2180000000000000e+09	
   1.4705960548530361e+07	  -7.1691981566017639e+11	   1.8950000000000000e+09	
   1.4765960548530361e+07	  -7.1649312455667432e+11	   1.5760000000000000e+09	
   1.4825960548530361e+07	  -6.9711726632757629e+11	   1.7275000000000000e+09	
   1.4885960548530361e+07	  -2.4872002952853952e+11	   2.1845000000000000e+09	
   1.4945960548530361e+07	  -3.6493274196728967e+11	   1.8695000000000000e+09	
   1.5005960548530361e+07	  -3.1153326587529333e+11	   2.4855000000000000e+09	
   1.5065960548530361e+07	  -2.7465735167763837e+11	   2.0025000000000000e+09	
   1.5125960548530361e+07	   9.9651531048086884e+10	   2.2990000000000000e+09	
   1.5185960548530361e+07	   7.1199637967801880e+10	   2.1585000000000000e+09	
   1.5245960548530361e+07	   1.7602957968252216e+11	   2.6075000000000000e+09	
   1.5305960548530361e+07	   3.6794954503390643e+11	   2.4340000000000000e+09	
   1.5365960548530361e+07	   2.4250022921947058e+11	   2.1300000000000000e+09	
   1.5425960548530361e+07	   4.3229599303125220e+11	   1.9910000000000000e+09	
   1.5485960548530361e+07	   1.3678142964237027e+11	   2.1430000000000000e+09	
   1.5545960548530361e+07	  -3.0091973680526837e+11	   2.6060000000000000e+09	
   1.5605960548530361e+07	   2.1494702304448474e+11	   2.1480000000000000e+09	
   1.5665960548530361e+07	  -1.3196166272784894e+11	   2.3040000000000000e+09	
   1.5725960548530361e+07	   1.5507693839255991e+11	   2.2940000000000000e+09	
   1.5785960548530361e+07	   4.1085021413094293e+11	   2.4380000000000000e+09	
   1.5845960548530361e+07	  -1.2679077463022694e+10	   2.4305000000000000e+09	
   1.5905960548530361e+07	  -2.1507890576927032e+11	   2.5910000000000000e+09	
   1.5965960548530361e+07	   2.7612879290069928e+11	   2.1210000000000000e+09	
   1.6025960548530361e+07	   3.1920471648426849e+11	   1.8055000000000000e+09	
   1.6085960548530361e+07	   4.1083403712245105e+11	   1.8175000000000000e+09	
   1.6145960548530361e+07	   3.3110956494158057e+11	   1.3520000000000000e+09	
   1.6205960548530361e+07	   6.1266635639708765e+11	   2.0960000000000000e+09	
   1.6265960548530361e+07	   4.6860338271526630e+11	   1.7930000000000000e+09	
   1.6325960548530361e+07	   6.1972945480052441e+11	   2.3850000000000000e+09	
   1.6385960548530361e+07	   3.7207738500050916e+11	   1.3375000000000000e+09	
   1.6445960548530361e+07	   4.2989892058781915e+11	   1.7805000000000000e+09	
   1.6505960548530361e+07	   6.7928078089820898e+11	   1.3270000000000000e+09	
   1.6565960548530361e+07	   8.7447825128936536e+11	   1.7665000000000000e+09	
   1.6625960548530361e+07	   5.8150925919841882e+11	   1.4760000000000000e+09	
   1.6685960548530361e+07	   7.3887629504447827e+11	   1.4755000000000000e+09	
   1.6745960548530361e+07	   5.1143071731150446e+11	   1.3215000000000000e+09	
   1.6805960548530359e+07	   5.1595271215155243e+11	   1.3100000000000000e+09	
   1.6865960548530359e+07	   6.4939549502573193e+11	   1.1610000000000000e+09	
   1.6925960548530359e+07	   7.8570009244545056e+11	   1.7460000000000000e+09	
   1.6985960548530359e+07	   6.0081227848811230e+11	   1.4580000000000000e+09	
   1.7045960548530359e+07	   4.3056837188075226e+11	   1.0195000000000000e+09	
   1.7105951027707528e+07	   2.3427642067270758e+11	   7.2550000000000000e+08	
   1.7165951027707528e+07	   3.3446061275671863e+11	   8.7100000000000000e+08	
   1.7225951027707528e+07	   6.5656634090148979e+10	   1.0105000000000000e+09	
   1.7285951027707528e+07	   4.1853324132385590e+11	   1.1530000000000000e+09	
   1.7345951027707528e+07	   4.3411008529966699e+11	   1.4465000000000000e+09	
   1.7405951027707528e+07	   3.5181410706780505e+11	   1.0080000000000000e+09	
   1.7465951027707528e+07	   1.8161882772541125e+11	   2.9100000000000000e+08	
   1.7525951027707528e+07	   1.8554096248568564e+11	   7.1200000000000000e+08	
   1.7585951027707528e+07	   4.9387106237175568e+11	   8.5400000000000000e+08	
   1.7645951027707528e+07	   6.0430305930224907e+10	   4.4000000000000000e+08	
   1.7705951027707528e+07	   2.8303399951899701e+11	   7.0750000000000000e+08	
   1.7765951027707528e+07	   4.8451621719888763e+11	   9.9050000000000000e+08	
   1.7825951027707528e+07	  -3.6391014259245270e+10	   4.3150000000000000e+08	
   1.7885951027707525e+07	   1.7078053362672351e+11	   8.5250000000000000e+08	
   1.7945934512788285e+07	   5.0467730377828125e+10	   8.5700000000000000e+08	
   1.8005934512788285e+07	   4.1736535884239136e+10	   4.2800000000000000e+08	
   1.8065934512788285e+07	   7.5266700330064926e+10	   4.2050000000000000e+08	
   1.8125934512788285e+07	   1.6033630841908524e+11	   4.2650000000000000e+08	
   1.8185934512788285e+07	   2.1772926369085205e+11	   4.1750000000000000e+08	
   1.8245934512788285e+07	   9.6044341023621201e+10	   1.4000000000000000e+08	
   1.8305934512788285e+07	   8.8712175542894653e+10	   1.4050000000000000e+08	
   1.8365934512788285e+07	   1.3576860638275696e+11	   4.2000000000000000e+08	
   1.8425932605141498e+07	   6.4503266406055885e+10	   4.1850000000000000e+08	
   1.8485431533037942e+07	   3.4467098411763329e+10	   2.8250000000000000e+08	
   1.8545271570023775e+07	   3.3234128367129406e+10	   2.8150000000000000e+08	
   1.8605228060619485e+07	   1.1848362769359897e+11	   2.8150000000000000e+08	
   1.8665228060619485e+07	  -2.0708203442316544e+10	   2.8050000000000000e+08	
   1.8725228060619485e+07	   5.8216846653158134e+10	   5.5600000000000000e+08	
   1.8785228060619485e+07	   9.2173070946651978e+10	   1.4050000000000000e+08	
   1.8845228060619485e+07	   1.0265050370660536e+11	   2.7800000000000000e+08	
   1.8905228060619485e+07	   7.5223399126725021e+10	   2.8100000000000000e+08	
   1.8965228060619485e+07	   7.9805048617592178e+10	   6.8950000000000000e+08	
   1.9025108439916722e+07	   1.6646860099320560e+11	   8.2600000000000000e+08	
   1.9085108439916722e+07	   1.5147630143726868e+11	   5.4950000000000000e+08	
   1.9145108439916722e+07	   1.4155383456635965e+11	   6.8450000000000000e+08	
   1.9205039505925212e+07	   1.8736630099764575e+11	   8.1750000000000000e+08	
   1.9265039505925212e+07	   1.5703327715234906e+11	   5.4400000000000000e+08	
   1.9324928934165318e+07	   1.1042923021052211e+11	   5.4450000000000000e+08	
   1.9384928934165318e+07	   2.0522013166414465e+11	   5.4150000000000000e+08	
   1.9444928934165318e+07	   1.8196426878482529e+11	   6.7400000000000000e+08	
   1.9504815429897271e+07	   1.6071424970952267e+11	   6.7350000000000000e+08	
   1.9564815429897271e+07	   2.4504524183493958e+10	   4.0200000000000000e+08	
   1.9624815429897271e+07	   1.9174794056764355e+11	   5.3900000000000000e+08	
   1.9684815429897271e+07	   1.1954648853867836e+11	   5.3700000000000000e+08	
   1.9744526172541250e+07	   1.5716542995511301e+11	   5.3500000000000000e+08	
   1.9804526172541250e+07	   1.0752405664181326e+11	   3.9950000000000000e+08	
   1.9864526172541250e+07	   1.1101835096266534e+11	   4.0050000000000000e+08	
   1.9924526172541250e+07	   9.5971891783730011e+10	   3.9300000000000000e+08	
   1.9984526172541250e+07	   2.6995753215444699e+11	   6.5800000000000000e+08	
   2.0044526172541250e+07	   3.5184662375214767e+10	   2.6250000000000000e+08	
   2.0104526172541250e+07	   1.8009215967630884e+11	   3.9200000000000000e+08	
   2.0164526172541250e+07	   2.0597228591530148e+11	   3.9200000000000000e+08	
   2.0224526172541250e+07	   1.8912871917076053e+11	   5.2200000000000000e+08	
   2.0284526172541250e+07	   1.6029438190974820e+11	   5.2050000000000000e+08	
   2.0344459932129972e+07	   4.0657146485987952e+11	   7.7800000000000000e+08	
   2.0404459932129972e+07	   1.8373969150851944e+11	   5.1450000000000000e+08	
   2.0464459932129972e+07	   1.4532961725426907e+11	   6.4000000000000000e+08	
   2.0524459932129972e+07	   5.5345610479086157e+11	   6.3850000000000000e+08	
   2.0584313392073613e+07	   3.1497081102773871e+11	   6.3700000000000000e+08	
   2.0643956011322435e+07	   2.8958603953710345e+11	   5.1000000000000000e+08	
   2.0703956011322435e+07	   5.7503448226154932e+11	   7.6050000000000000e+08	
   2.0763956011322435e+07	   3.4450632835900775e+11	   5.0850000000000000e+08	
   2.0823875575941946e+07	   5.0211687391401508e+11	   7.5600000000000000e+08	
   2.0883773572692569e+07	   5.0139282101161279e+11	   6.3200000000000000e+08	
   2.0943773572692569e+07	   9.6613288146830981e+11	   1.0035000000000000e+09	
   2.1003773572692569e+07	   5.4163161627332483e+11	   7.4750000000000000e+08	
   2.1063089590738058e+07	   5.3581474391873816e+11	   8.6900000000000000e+08	
   2.1123089590738058e+07	   5.1606884141502136e+11	   8.6950000000000000e+08	
   2.1182710978027634e+07	   5.0000110531674811e+11	   6.2000000000000000e+08	
   2.1242710978027634e+07	   3.5182653888168555e+11	   6.1900000000000000e+08	
   2.1302630628261764e+07	   3.5357545435548425e+11	   7.3950000000000000e+08	
   2.1362630628261764e+07	   4.1783581976816699e+11	   7.3650000000000000e+08	
   2.1422630628261764e+07	   2.4537270935976566e+11	   3.6550000000000000e+08	
   2.1482630628261764e+07	   2.9576321567207886e+11	   7.3750000000000000e+08	
   2.1542630628261764e+07	   1.2414199877120636e+11	   2.4250000000000000e+08	
   2.1602630628261764e+07	   6.0667418786591049e+10	   3.6600000000000000e+08	
   2.1662630628261764e+07	   4.1540684912716507e+10	   1.2400000000000000e+08	
   2.1722630628261764e+07	   3.0748096138471973e+11	   6.1100000000000000e+08	
   2.1782630628261764e+07	   2.3616665940625772e+09	   2.5000000000000000e+06	
   2.1842630628261764e+07	   3.3727261500201025e+11	   7.2700000000000000e+08	
   2.1902556438903362e+07	   2.6365763765676517e+11	   3.5850000000000000e+08	
   2.1962556438903362e+07	   3.3937941874525409e+11	   3.6250000000000000e+08	
   2.2022556438903362e+07	   7.5111322337231918e+10	   3.6250000000000000e+08	
   2.2082556438903362e+07	   1.9518943364929337e+11	   3.6100000000000000e+08	
   2.2142556438903362e+07	   5.1227018943052087e+11	   4.8100000000000000e+08	
   2.2202556438903362e+07	   1.1184586030955624e+11	   3.5950000000000000e+08	
   2.2262556438903362e+07	   4.6224923958554346e+11	   5.9800000000000000e+08	
   2.2322483263486415e+07	   5.2928425597284583e+11	   4.7750000000000000e+08	
   2.2382483263486415e+07	   7.2428258048731995e+10	   3.5600000000000000e+08	
   2.2442479032018300e+07	   6.5864776358115820e+11	   4.7400000000000000e+08	
   2.2502479032018300e+07	   2.4114561942810034e+11	   5.8950000000000000e+08	
   2.2562479032018300e+07	   4.5392840658654944e+11	   4.7100000000000000e+08	
   2.2622479032018300e+07	   2.7521567347680310e+11	   4.6850000000000000e+08	
   2.2682391202871967e+07	   4.6070038169140344e+11	   5.8600000000000000e+08	
   2.2742391202871967e+07	   3.8667206009412469e+11	   4.6700000000000000e+08	
   2.2802293363657113e+07	   5.0259994099536414e+11	   4.6800000000000000e+08	
   2.2862293363657113e+07	   3.5829372338084760e+11	   4.6250000000000000e+08	
   2.2922293363657113e+07	   3.4585922243018573e+11	   4.6150000000000000e+08	
   2.2982253418477509e+07	   5.1053666471527008e+11	   3.4550000000000000e+08	
   2.3042253418477509e+07	   4.1724333563825516e+10	   1.1500000000000000e+08	
   2.3102253418477509e+07	   5.7655772898635938e+11	   4.5750000000000000e+08	
   2.3162148384379897e+07	   2.6899275024821384e+11	   5.6800000000000000e+08	
   2.3221943349207688e+07	   3.6578330260125385e+11	   2.2700000000000000e+08	
   2.3281943349207688e+07	   3.7757972833508820e+11	   3.4100000000000000e+08	
   2.3341943349207688e+07	   2.9761253887822473e+11	   2.2650000000000000e+08	
   2.3401943349207688e+07	   1.3346907418126752e+11	   1.1350000000000000e+08	
   2.3461943349207688e+07	   2.9629165431944781e+11	   3.2450000000000000e+08	
   2.3521943349207688e+07	   2.3501160440266977e+11	   3.2600000000000000e+08	
   2.3581803784542527e+07	   3.1999311154950775e+11	   3.1850000000000000e+08	
   2.3641803784542527e+07	   1.0666175433123877e+11	   7.4000000000000000e+07	
   2.3701795307579156e+07	   3.6347318973850342e+10	   1.9500000000000000e+07	
   2.3761762822208811e+07	   1.9980599449615210e+11	   1.7050000000000000e+08	
   2.3821762822208811e+07	   4.4231888984799675e+10	   2.4500000000000000e+07	
   2.3881736297992207e+07	   1.3719064900804158e+11	   1.4250000000000000e+08	
   2.3941669053846948e+07	   2.6238490652537796e+10	   1.6500000000000000e+07	
   2.4001669053846948e+07	   1.2196268894631583e+11	   7.0500000000000000e+07	
   2.4061669053846948e+07	   3.2331893462813422e+11	   1.8450000000000000e+08	
   2.4121669053846948e+07	   1.5653827773746640e+11	   2.7850000000000000e+08	
   2.4181669053846948e+07	   2.1273777129217319e+11	   2.2000000000000000e+08	
   2.4241530375077393e+07	   3.8935860912188965e+11	   2.6350000000000000e+08	
   2.4301530375077393e+07	   5.4709937403564948e+11	   6.2500000000000000e+08	
   2.4361463020776656e+07	   6.8790149389277686e+11	   6.6300000000000000e+08	
   2.4421401845479041e+07	   4.8528886257363531e+11	   3.2200000000000000e+08	
   2.4481384218133483e+07	   1.6331396189317456e+11	   1.7500000000000000e+08	
   2.4541384218133483e+07	   6.5127396574445459e+11	   4.7550000000000000e+08	
   2.4601384218133483e+07	   1.2651315409209377e+12	   7.2200000000000000e+08	
   2.4661384218133483e+07	   7.9605496227134888e+11	   7.9200000000000000e+08	
   2.4721351521379344e+07	   1.5134810920309678e+12	   1.3615000000000000e+09	
   2.4781351521379344e+07	   1.0999038470683459e+12	   1.0175000000000000e+09	
   2.4841351521379344e+07	   1.9223998839217141e+12	   1.2150000000000000e+09	
   2.4901351521379344e+07	   1.4318020459537351e+12	   1.1680000000000000e+09	
   2.4961351521379344e+07	   7.4222658856273340e+11	   4.7900000000000000e+08	
   2.5021220828590203e+07	   6.3963271529498230e+11	   7.1150000000000000e+08	
   2.5081220828590203e+07	   6.7023477994288696e+11	   5.0950000000000000e+08	
   2.5141220828590203e+07	   9.8761946733122412e+11	   7.2750000000000000e+08	
   2.5201220828590203e+07	   1.0832400491774022e+12	   7.2750000000000000e+08	
   2.5261219780563161e+07	   3.9563271686131378e+11	   4.1050000000000000e+08	
   2.5321219780563161e+07	   1.6090649022545746e+11	   1.5950000000000000e+08	
   2.5381087164222322e+07	   3.6029417996014496e+11	   2.7650000000000000e+08	
   2.5441087164222322e+07	   5.1784514427801361e+11	   2.8000000000000000e+08	
   2.5501087164222322e+07	   2.1710266646597650e+11	   1.3150000000000000e+08	
   2.5561087164222322e+07	   3.8560117650885376e+11	   2.8350000000000000e+08	
   2.5621008118232932e+07	   2.8032246524649750e+11	   2.4600000000000000e+08	
   2.5680905325610135e+07	   1.8443448582621634e+11	   1.8150000000000000e+08	
   2.5740858086161233e+07	   1.0972603544677946e+12	   7.9750000000000000e+08	
   2.5800858086161233e+07	   6.8923114668861975e+11	   7.6900000000000000e+08	
   2.5860858086161233e+07	   1.5015446414754329e+12	   1.0935000000000000e+09	
   2.5920858086161233e+07	   1.2415894749387864e+12	   1.0410000000000000e+09	
   2.5980858086161233e+07	   1.6244792889888162e+12	   1.2375000000000000e+09	
   2.6040858086161233e+07	   1.1643067157472671e+12	   9.2550000000000000e+08	
   2.6100751363421578e+07	   4.9699921581469495e+11	   4.6050000000000000e+08	
   2.6160751363421578e+07	   3.1856214592350647e+11	   3.0550000000000000e+08	
   2.6220751363421578e+07	   3.0465560098197582e+10	   2.4750000000000000e+08	
   2.6280727838249985e+07	   3.7992450925697410e+08	   5.0000000000000000e+05	
   2.6340727838249985e+07	   3.9550263935830384e+08	   5.0000000000000000e+05	
   2.6400727838249985e+07	   1.3249858729011700e+10	   9.7000000000000000e+07	
   2.6460727838249985e+07	   8.8227320115566196e+09	   9.7500000000000000e+07	
   2.6520727838249985e+07	   1.8213750848781697e+07	   5.0000000000000000e+05	
   2.6580727838249985e+07	   5.1042422314372945e+08	   1.0000000000000000e+06	
   2.6640727838249985e+07	   3.3218604026967667e+10	   9.7500000000000000e+07	
   2.6700727838249985e+07	  -7.9571192211281592e+06	   5.0000000000000000e+05	
   2.6760727838249985e+07	   1.0516927771639324e+09	   1.0000000000000000e+06	
   2.6820727838249985e+07	   1.4836726419238389e+08	   1.0000000000000000e+06	
   2.6880727838249985e+07	   6.8352254538346136e+08	   1.5000000000000000e+06	
   2.6940727838249985e+07	   7.2956921283469796e+08	   1.0000000000000000e+06	
   2.7000727838249985e+07	   7.4855258653861880e+08	   1.0000000000000000e+06	
   2.7060727838249985e+07	   8.2603671452606332e+08	   1.5000000000000000e+06	
   2.7120727838249985e+07	   1.3781681734111664e+09	   1.5000000000000000e+06	
   2.7180727838249985e+07	   6.0374830081917427e+10	   9.6500000000000000e+07	
   2.7240727838249985e+07	   0.0000000000000000e+00	   0.0000000000000000e+00	
   2.7300727838249985e+07	  -5.2077962474446840e+09	   9.6000000000000000e+07	
   2.7360727838249985e+07	   4.5328375591782504e+08	   5.0000000000000000e+05	
   2.7420727838249985e+07	   0.0000000000000000e+00	   0.0000000000000000e+00	
   2.7480727838249985e+07	   1.6802815472738909e+10	   9.8500000000000000e+07	
   2.7540727838249985e+07	   7.2253633504654510e+10	   9.8000000000000000e+07	
   2.7600727838249985e+07	   1.5520987353519788e+11	   1.9750000000000000e+08	
   2.7660727838249985e+07	   1.8153891575239581e+11	   2.0250000000000000e+08	
   2.7720727838249985e+07	   2.5746949125412296e+11	   2.4000000000000000e+08	
   2.7780727838249985e+07	   2.7658957295858191e+11	   3.1000000000000000e+08	
   2.7840680972197134e+07	   2.6434482394187332e+11	   3.1200000000000000e+08	
   2.7900377804643106e+07	   2.8165728732591425e+11	   2.9200000000000000e+08	
   2.7960172087947562e+07	   4.8460029834784015e+11	   3.1550000000000000e+08	
   2.8020172087947562e+07	   4.1678327589984943e+11	   2.2650000000000000e+08	
   2.8080154313062746e+07	   1.8645849998110306e+11	   1.0450000000000000e+08	
   2.8140154313062746e+07	   2.4538431802948700e+11	   1.1500000000000000e+08	
   2.8200154313062746e+07	   3.3610061337050568e+11	   2.7650000000000000e+08	
   2.8260154313062746e+07	   3.5806234992103168e+11	   2.8800000000000000e+08	
   2.8320147914345130e+07	   4.8451256484279321e+11	   3.8000000000000000e+08	
   2.8380147914345130e+07	   2.6552775932897131e+11	   2.0300000000000000e+08	
   2.8440037064619489e+07	   4.6750511408819147e+11	   4.3450000000000000e+08	
   2.8500037064619489e+07	   2.5941827726151382e+11	   1.9700000000000000e+08	
   2.8560037064619489e+07	   5.2953050329706573e+10	   2.7000000000000000e+07	
   2.8619933478398670e+07	   3.0672045020974011e+11	   2.0150000000000000e+08	
   2.8679933478398670e+07	   4.9624826433881726e+11	   4.1550000000000000e+08	
   2.8739590234346729e+07	   1.2829064381379424e+11	   9.9500000000000000e+07	
   2.8799498452256616e+07	   3.8930674970013428e+11	   2.8450000000000000e+08	
   2.8859204743048515e+07	   9.8715007875438379e+11	   7.3050000000000000e+08	
   2.8919204743048515e+07	   6.0714867376916211e+11	   3.7600000000000000e+08	
   2.8978772011369076e+07	   1.6980196020090327e+12	   9.8750000000000000e+08	
   2.9038772011369076e+07	   1.1389260438294426e+12	   9.0500000000000000e+08	
   2.9098772011369076e+07	   1.5689735120663157e+12	   1.3610000000000000e+09	
   2.9158772011369076e+07	   1.6374961240699861e+12	   1.2440000000000000e+09	
   2.9218772011369076e+07	   1.4540483664034333e+12	   1.1570000000000000e+09	
   2.9278772011369076e+07	   1.2266686465687358e+12	   1.0680000000000000e+09	
   2.9338772011369076e+07	   8.9389356542026831e+11	   7.1600000000000000e+08	
   2.9398772011369076e+07	   4.3767940800284314e+11	   3.5750000000000000e+08	
   2.9458772011369076e+07	   1.9772127801032611e+11	   1.8350000000000000e+08	
   2.9518695743858583e+07	   1.3120093513563115e+11	   9.2500000000000000e+07	
   2.9578695743858583e+07	   2.2868735775343414e+10	   9.0500000000000000e+07	
   2.9638695743858583e+07	   6.0733955944884125e+10	   9.1000000000000000e+07	
   2.9698581422312003e+07	   1.1292487098258655e+11	   9.1000000000000000e+07	
   2.9758581422312003e+07	   0.0000000000000000e+00	   0.0000000000000000e+00	
   2.9817476321916126e+07	   5.2007481471717276e+07	   5.0000000000000000e+05	
   2.9877245821109898e+07	   3.4244569809400074e+07	   5.0000000000000000e+05	
   2.9937245821109898e+07	   2.4049593348782280e+10	   9.2000000000000000e+07	
   2.9997245821109898e+07	   6.2997285102111130e+10	   9.2000000000000000e+07	
   3.0057245821109898e+07	   2.9069090066561918e+09	   2.5000000000000000e+06	
   3.0117220485221986e+07	   2.2218315281303921e+10	   9.3000000000000000e+07	
   3.0177195727112997e+07	   4.0533984923781700e+10	   9.3500000000000000e+07	
   3.0237195727112997e+07	   7.6337822752380493e+10	   9.2000000000000000e+07	
   3.0297043750676420e+07	   1.0673154211329744e+10	   9.2500000000000000e+07	
   3.0356854402809098e+07	   4.0870884180953529e+10	   9.2000000000000000e+07	
   3.0416823202568986e+07	   6.3129393511385620e+10	   9.3500000000000000e+07	
   3.0476823202568986e+07	   1.9981184823707882e+10	   9.3500000000000000e+07	
   3.0536698512839772e+07	   5.1554079798567505e+10	   3.2850000000000000e+08	
   3.0596449753583096e+07	   1.9000311182776661e+10	   3.2800000000000000e+08	
   3.0656285945230786e+07	   2.6150864230462593e+10	   9.1000000000000000e+07	
   3.0716277203712702e+07	   3.6725925062864578e+10	   9.3000000000000000e+07	
   3.0776165329651710e+07	   2.7760633640532040e+10	   9.1000000000000000e+07	
   3.0836129320298925e+07	   3.2681864995789230e+10	   9.0000000000000000e+07	
   3.0896129320298925e+07	   5.6251638413375259e+10	   2.3000000000000000e+07	
   3.0956129320298925e+07	   1.7000465716807596e+11	   2.8750000000000000e+08	
   3.1016129320298925e+07	   8.1501031980472946e+10	   1.9850000000000000e+08	
   3.1076129320298925e+07	   9.5596956722909363e+10	   1.1000000000000000e+08	
   3.1136129320298925e+07	   1.4235961004010315e+11	   1.9800000000000000e+08	
   3.1195954020710219e+07	   1.7996774141311838e+11	   1.9900000000000000e+08	
   3.1255898990114585e+07	   1.7723259586266928e+11	   1.9900000000000000e+08	
   3.1315898990114585e+07	   9.5133903636568085e+10	   1.7900000000000000e+08	
   3.1375898990114585e+07	   1.0464111269972852e+11	   9.1000000000000000e+07	
   3.1435898990114585e+07	   6.8803596499444977e+10	   1.7750000000000000e+08	
   3.1495898990114585e+07	   8.9861416074968475e+10	   1.7700000000000000e+08	
   3.1555820719727952e+07	   4.5940935014875336e+09	   8.9000000000000000e+07	
   3.1615820719727952e+07	   2.9876433150802956e+10	   1.1150000000000000e+08	
   3.1675705400140107e+07	   6.4931026623909630e+10	   3.4900000000000000e+08	
   3.1735705400140107e+07	   5.0171548123037430e+10	   1.7350000000000000e+08	
   3.1795705400140107e+07	   4.5158184139465004e+10	   1.7450000000000000e+08	
   3.1855705400140107e+07	   2.5637743018758503e+10	   8.8500000000000000e+07	
   3.1915705400140107e+07	   5.1824662573508310e+09	   3.5000000000000000e+06	
   3.1975705400140107e+07	   5.4853214434916656e+10	   8.7500000000000000e+07	
   3.2035641780910388e+07	   5.2091371711138596e+10	   8.8000000000000000e+07	
   3.2095641780910388e+07	   6.5209581013943962e+10	   8.9500000000000000e+07	
   3.2155607630112417e+07	   4.1881146918152924e+09	   3.0000000000000000e+06	
   3.2215607630112417e+07	   5.8189268014268555e+10	   8.8500000000000000e+07	
   3.2275607630112417e+07	   5.5159402787903076e+10	   8.6500000000000000e+07	
   3.2335607630112417e+07	   5.7111630056407967e+09	   4.0000000000000000e+06	
   3.2395211300569709e+07	   2.3899363150477737e+10	   8.9500000000000000e+07	
   3.2455081164978944e+07	   6.7604450794794445e+09	   9.1000000000000000e+07	
   3.2515033276984215e+07	   3.7054132693365321e+09	   1.7550000000000000e+08	
   3.2575033276984215e+07	   3.2880467865068932e+09	   8.8000000000000000e+07	
   3.2635033276984215e+07	   1.1811278390010625e+11	   2.5600000000000000e+08	
   3.2694783168838006e+07	   8.7992383174135559e+10	   2.6000000000000000e+08	
   3.2754783168838006e+07	  -1.9989953797021666e+09	   1.7400000000000000e+08	
   3.2814783168838006e+07	   3.7212025851562548e+09	   8.7000000000000000e+07	
   3.2874783168838006e+07	   4.5910978230289516e+09	   3.0000000000000000e+06	
   3.2934783168838006e+07	   2.9254628116134858e+09	   2.5000000000000000e+06	
   3.2994649499219060e+07	  -4.7620570501692641e+08	   8.4000000000000000e+07	
   3.3054006733546861e+07	  -3.7155501805949259e+08	   8.5000000000000000e+07	
   3.3114006733546861e+07	   4.5372726902140093e+09	   2.5000000000000000e+06	
   3.3174006733546861e+07	   1.3707479339222691e+10	   8.5500000000000000e+07	
   3.3234006733546861e+07	   1.2583105359298094e+10	   2.3400000000000000e+08	
   3.3293857910001464e+07	   3.2581999936928558e+09	   2.5000000000000000e+06	
   3.3353652410495672e+07	   9.3686451275544798e+08	   5.0000000000000000e+05	
   3.3413652410495672e+07	   2.2777668206893234e+10	   8.5000000000000000e+07	
   3.3473383140628323e+07	   2.2652283384567715e+10	   8.6000000000000000e+07	
   3.3533230320248999e+07	   2.9901295327111961e+10	   8.5500000000000000e+07	
   3.3593230320248999e+07	   5.3955062442391882e+09	   4.0000000000000000e+06	
   3.3653230320248999e+07	   1.8525136580776882e+10	   8.5500000000000000e+07	
   3.3713058843211547e+07	   1.3821495958134298e+10	   8.4000000000000000e+07	
   3.3772949711825661e+07	   3.0383679742664804e+09	   2.5000000000000000e+06	
   3.3832949711825661e+07	   3.5529190216031342e+10	   8.4000000000000000e+07	
   3.3892949711825661e+07	   6.8060414416298859e+10	   1.6750000000000000e+08	
   3.3952949711825661e+07	  -9.2038017544250259e+09	   1.6750000000000000e+08	
   3.4012949711825661e+07	  -8.1529185613954353e+09	   8.4500000000000000e+07	
   3.4072725469198883e+07	   2.8449089552883032e+11	   2.7850000000000000e+08	
   3.4132558271226741e+07	   2.6528989568764529e+11	   1.1200000000000000e+08	
   3.4192484039007500e+07	   2.0533285902254318e+11	   1.1350000000000000e+08	
   3.4252166953878328e+07	   2.6885401466548431e+11	   3.5800000000000000e+08	
   3.4311893841280885e+07	   1.7455755503960306e+11	   1.9600000000000000e+08	
   3.4371893841280885e+07	   1.0743624482454837e+11	   1.9500000000000000e+08	
   3.4431893841280885e+07	   3.4777482216273251e+09	   1.1150000000000000e+08	
   3.4491893841280885e+07	   5.9085782029624702e+10	   1.6450000000000000e+08	
   3.4551893841280885e+07	   1.2562041752220816e+11	   1.9600000000000000e+08	
   3.4611838015802726e+07	   3.8472850488887901e+09	   2.5000000000000000e+06	
   3.4671838015802726e+07	   3.1401117404978418e+09	   3.0000000000000000e+06	
   3.4731838015802726e+07	   2.6867203617192886e+10	   1.6400000000000000e+08	
   3.4791838015802726e+07	   1.5806396549038036e+10	   8.3000000000000000e+07	
   3.4851838015802726e+07	   6.1702210426229324e+10	   1.6350000000000000e+08	
   3.4911057762468837e+07	   1.6603627676127392e+10	   8.1500000000000000e+07	
   3.4971057762468837e+07	   5.1451929971323395e+10	   2.4300000000000000e+08	
   3.5030922890563466e+07	   4.0769520169214382e+09	   2.5000000000000000e+06	
   3.5090788940119743e+07	   1.3455651583526358e+10	   8.0500000000000000e+07	
   3.5150767168153413e+07	   1.2036838935559359e+10	   8.1000000000000000e+07	
   3.5210248184356064e+07	   1.0179336226132838e+11	   2.6750000000000000e+08	
   3.5270115448584154e+07	   6.2304472459011475e+10	   3.1850000000000000e+08	
   3.5329861175896727e+07	   1.4354288783978756e+10	   7.9500000000000000e+07	
   3.5389861175896727e+07	   1.5231001786317739e+10	   8.2000000000000000e+07	
   3.5449659744560145e+07	   5.6439469128352249e+10	   2.6500000000000000e+08	
   3.5509577296099119e+07	   9.3091726080780945e+10	   3.4450000000000000e+08	
   3.5568949709660821e+07	   7.5898229950861160e+10	   3.1950000000000000e+08	
   3.5628918905197367e+07	   4.8986792362332550e+10	   1.6000000000000000e+08	
   3.5688850303633310e+07	   2.9812889030524559e+10	   2.3750000000000000e+08	
   3.5748850303633310e+07	   2.0356351133047874e+10	   2.3650000000000000e+08	
   3.5808850303633310e+07	   8.8845784004895462e+10	   3.9700000000000000e+08	
   3.5868850303633310e+07	   5.0960580803123550e+10	   8.3500000000000000e+07	
   3.5928721556372799e+07	   1.2102926335326824e+10	   1.5750000000000000e+08	
   3.5988504909839153e+07	   4.5094985364484550e+10	   2.6200000000000000e+08	
   3.6048504909839153e+07	   2.3458082603776939e+10	   1.0600000000000000e+08	
   3.6108472810136735e+07	   2.0224807480049047e+09	   2.5000000000000000e+06	
   3.6168426853428051e+07	   2.7794965231064327e+10	   8.6500000000000000e+07	
   3.6228426853428051e+07	   1.6076818436933905e+10	   7.8500000000000000e+07	
   3.6288293140489317e+07	   1.1766783420452208e+10	   1.0600000000000000e+08	
   3.6348273835151151e+07	   5.9101394713875360e+09	   2.5000000000000000e+06	
   3.6408273835151151e+07	   6.8165957936324234e+09	   3.5000000000000000e+06	
   3.6468273835151151e+07	   3.6272859434633055e+09	   2.0000000000000000e+06	
   3.6528273835151151e+07	   3.3674790808443359e+10	   1.0700000000000000e+08	
   3.6588245439571619e+07	   2.9092220813735271e+10	   3.0500000000000000e+07	
   3.6648185702205949e+07	   1.2411883658201578e+10	   3.0000000000000000e+07	
   3.6707907245800681e+07	   6.9659149174222839e+10	   1.5350000000000000e+08	
   3.6767821430187851e+07	   7.8885251118267319e+10	   7.7500000000000000e+07	
   3.6827821430187851e+07	   2.4931619848850903e+10	   8.6500000000000000e+07	
   3.6887821430187851e+07	   2.4118304892734705e+11	   1.5200000000000000e+08	
   3.6947821430187851e+07	   4.3562859090699365e+11	   2.3650000000000000e+08	
   3.7007821430187851e+07	   9.1903216395610449e+11	   4.8800000000000000e+08	
   3.7067821430187851e+07	   6.9604075657789160e+11	   3.8300000000000000e+08	
   3.7127821430187851e+07	   5.2051653607693164e+11	   3.7900000000000000e+08	
   3.7187821430187851e+07	   6.5491371725482983e+11	   3.9850000000000000e+08	
   3.7247821430187851e+07	   4.4002538560784369e+11	   2.7750000000000000e+08	
   3.7307821430187851e+07	   4.5334681063542310e+11	   2.7250000000000000e+08	
   3.7367821321838409e+07	   2.4570061555156555e+11	   2.7900000000000000e+08	
   3.7427765946227774e+07	   6.2600904361054065e+11	   5.7150000000000000e+08	
   3.7487490787819207e+07	   5.5939563738165344e+11	   4.2850000000000000e+08	
   3.7547490787819207e+07	   9.4044237285688672e+11	   5.5350000000000000e+08	
   3.7607461783713721e+07	   6.0574139161563867e+11	   3.2900000000000000e+08	
   3.7667461783713721e+07	   7.2215177276564709e+11	   5.2800000000000000e+08	
   3.7727461783713721e+07	   5.7672894403966113e+11	   4.0100000000000000e+08	
   3.7787424045391671e+07	   3.0269525525625525e+11	   2.6450000000000000e+08	
   3.7847424045391671e+07	   1.7856593717612622e+11	   1.9150000000000000e+08	
   3.7907424045391671e+07	   5.5220092866764160e+11	   3.5600000000000000e+08	
   3.7967424045391671e+07	   1.0538417958309722e+12	   6.0100000000000000e+08	
   3.8027260031805836e+07	   1.6281763380039109e+12	   1.1175000000000000e+09	
   3.8087260031805836e+07	   2.1525151423828418e+12	   1.3325000000000000e+09	
   3.8147260031805836e+07	   3.4425671207112559e+12	   1.9055000000000000e+09	
   3.8207260031805836e+07	   3.9848195284171855e+12	   2.3865000000000000e+09	
   3.8267260031805836e+07	   3.4761426579680137e+12	   1.8930000000000000e+09	
   3.8327143530814424e+07	   2.5341621217376548e+12	   1.4735000000000000e+09	
   3.8387143530814424e+07	   1.5221143629716982e+12	   1.0590000000000000e+09	
   3.8447143530814424e+07	   7.3822399284004004e+11	   5.6350000000000000e+08	
   3.8507143530814424e+07	   8.8778990001468658e+10	   7.6000000000000000e+07	
   3.8567143530814424e+07	   3.2665801740799175e+10	   7.7000000000000000e+07	
   3.8627010501256324e+07	   6.4110571946337303e+10	   1.5150000000000000e+08	
   3.8686944831975110e+07	   1.0900180668594756e+11	   1.5100000000000000e+08	
   3.8746944831975110e+07	   8.0068120988107910e+10	   7.8500000000000000e+07	
   3.8806944831975110e+07	   9.3674276528605576e+10	   7.7000000000000000e+07	
   3.8866944831975110e+07	   3.7656919399201126e+10	   7.7000000000000000e+07	
   3.8926914216694482e+07	   5.3261104449714394e+10	   7.7500000000000000e+07	
   3.8986806832656205e+07	   1.1768442076417902e+11	   1.5000000000000000e+08	
   3.9046806832656205e+07	   8.5418446056521133e+10	   1.0650000000000000e+08	
   3.9106622306611672e+07	   9.6094275816716690e+10	   7.6000000000000000e+07	
   3.9166622306611672e+07	   4.0544949265673676e+10	   7.7000000000000000e+07	
   3.9226622306611672e+07	   5.2871766374146683e+10	   7.7000000000000000e+07	
   3.9286503570703536e+07	   1.1607960944133707e+11	   1.5000000000000000e+08	
   3.9346503570703536e+07	   7.3388922594917831e+10	   7.4000000000000000e+07	
   3.9406445969509885e+07	   9.4534648885641556e+10	   7.5500000000000000e+07	
   3.9465902527201280e+07	   1.4790528244776917e+11	   1.4900000000000000e+08	
   3.9525722143653452e+07	   6.4494643098780510e+10	   1.2600000000000000e+08	
   3.9585351029034868e+07	   5.0236922713975784e+10	   7.4500000000000000e+07	
   3.9645025593624942e+07	   7.4430959729229050e+10	   7.4500000000000000e+07	
   3.9704683081893921e+07	   9.3275121273266052e+10	   7.4500000000000000e+07	
   3.9763643013083525e+07	   1.1193286275759721e+11	   7.5000000000000000e+07	
   3.9822928662200719e+07	   1.1265795520028784e+09	   1.0000000000000000e+06	
   3.9882788372015484e+07	   4.8531688761293274e+10	   7.5500000000000000e+07	
   3.9942788372015484e+07	   1.3623351283711666e+10	   8.5500000000000000e+07	
   4.0002788372015484e+07	   1.0940778702570904e+10	   8.4500000000000000e+07	
   4.0062677170451723e+07	   1.1605995819813016e+11	   1.5600000000000000e+08	
   4.0122677170451723e+07	   1.2369657335771548e+11	   7.4500000000000000e+07	
   4.0182677170451723e+07	   4.3781885522315094e+10	   1.4650000000000000e+08	
   4.0242677170451723e+07	   4.7329656992981701e+09	   3.5000000000000000e+06	
   4.0302677170451723e+07	   4.8013946176867161e+09	   3.5000000000000000e+06	
   4.0362626895608231e+07	   1.0029501426708482e+11	   7.3000000000000000e+07	
   4.0422626895608231e+07	   1.1795675977568947e+11	   7.3000000000000000e+07	
   4.0482419331390865e+07	   6.9244991047592509e+08	   7.5000000000000000e+07	
   4.0541842508062981e+07	   3.9156451394269402e+10	   1.4350000000000000e+08	
   4.0601330851521596e+07	   3.5161589314212074e+09	   2.5000000000000000e+06	
   4.0661330851521596e+07	   2.8413127427365433e+10	   7.3000000000000000e+07	
   4.0721255907350019e+07	   1.0960860012218086e+11	   7.3000000000000000e+07	
   4.0781164610488713e+07	   2.9676101764855080e+09	   7.4500000000000000e+07	
   4.0841156244824119e+07	   1.5296647871464050e+10	   7.5000000000000000e+07	
   4.0901156244824119e+07	   5.1223430533128624e+09	   2.5000000000000000e+06	
   4.0961156244824119e+07	   2.5762843940789749e+10	   7.0500000000000000e+07	
   4.1021156244824119e+07	   8.4140614332750648e+07	   5.0000000000000000e+05	
   4.1081136602518588e+07	   1.1412053575412370e+11	   7.2000000000000000e+07	
   4.1141136602518588e+07	   2.8419418099957348e+10	   7.5500000000000000e+07	
   4.1200896899833374e+07	   4.2159972513738070e+09	   3.0000000000000000e+06	
   4.1260867659077972e+07	   6.1245247290422539e+10	   1.4150000000000000e+08	
   4.1320867659077972e+07	   2.0457393311139137e+10	   7.2500000000000000e+07	
   4.1380842964805380e+07	   1.2693683814769512e+10	   3.1500000000000000e+07	
   4.1440491442804486e+07	   1.2431820961848455e+10	   3.2000000000000000e+07	
   4.1500491442804486e+07	   1.1337535048166664e+10	   3.2000000000000000e+07	
   4.1560491442804486e+07	   1.0064339015945950e+10	   3.1500000000000000e+07	
   4.1620491442804486e+07	   7.7188140635227997e+10	   2.1000000000000000e+08	
   4.1680483832532831e+07	   2.3714674472451206e+10	   9.8500000000000000e+07	
   4.1740285941691235e+07	   1.2553328727562646e+11	   1.6750000000000000e+08	
   4.1800285941691235e+07	   1.4913664245576785e+11	   1.6800000000000000e+08	
   4.1860194263660938e+07	   5.3886323866819107e+10	   9.9000000000000000e+07	
   4.1920194263660938e+07	   7.4118372451662308e+10	   3.5100000000000000e+08	
   4.1980194263660938e+07	   1.2813712784724664e+11	   4.2000000000000000e+08	
   4.2040007033471577e+07	   8.4630162042826080e+10	   2.1200000000000000e+08	
   4.2099959332329988e+07	   1.6318735625027240e+11	   2.1150000000000000e+08	
   4.2159959332329988e+07	   4.7236625737269569e+10	   7.3000000000000000e+07	
   4.2219959332329988e+07	   8.3290856208272797e+10	   1.0700000000000000e+08	
   4.2279943563119471e+07	   1.6992812585866422e+11	   4.5800000000000000e+08	
   4.2339816696756877e+07	   1.2746581338238156e+11	   4.5800000000000000e+08	
   4.2399812170813411e+07	   1.9868599646569934e+11	   5.3700000000000000e+08	
   4.2459812170813411e+07	   1.9946952731124255e+11	   3.0950000000000000e+08	
   4.2519812170813411e+07	   1.0115212351311110e+10	   7.0000000000000000e+07	
   4.2579459959479734e+07	   1.1163964450751013e+10	   7.0000000000000000e+07	
   4.2639459959479734e+07	   6.3224643695190857e+10	   2.0500000000000000e+08	
   4.2699260644219957e+07	   1.4586888771240811e+11	   2.0600000000000000e+08	
   4.2758990781540409e+07	   2.2198953504531726e+11	   5.2150000000000000e+08	
   4.2818666306247801e+07	   9.9905262270960785e+10	   1.7550000000000000e+08	
   4.2878523001053870e+07	   7.1345625505117538e+10	   1.7550000000000000e+08	
   4.2938194010408729e+07	   5.8450487004936867e+09	   1.4100000000000000e+08	
   4.2998032675466329e+07	   6.0350614612968811e+10	   2.7600000000000000e+08	
   4.3058032675466329e+07	   1.5903067448378143e+11	   2.7550000000000000e+08	
   4.3118032675466329e+07	   1.9350399761342209e+11	   2.0700000000000000e+08	
   4.3178032675466329e+07	   1.6486230262880306e+10	   7.2000000000000000e+07	
   4.3237903266504370e+07	  -1.4387024660456390e+09	   1.3550000000000000e+08	
   4.3297806742091507e+07	  -1.2497450766384264e+10	   6.9500000000000000e+07	
   4.3357602266960092e+07	   8.0236656275147720e+10	   1.3550000000000000e+08	
   4.3416679782382682e+07	   1.0276462929396336e+11	   6.7500000000000000e+07	
   4.3476217965553202e+07	   1.2780902442768951e+11	   1.3400000000000000e+08	
   4.3536164674047485e+07	   1.9648747899220757e+10	   6.8500000000000000e+07	
   4.3595838889319919e+07	   9.7317104448455467e+09	   1.3600000000000000e+08	
   4.3655677258031167e+07	   6.9860464496333023e+10	   1.3650000000000000e+08	
   4.3715677258031167e+07	   1.8274712297278622e+11	   2.1400000000000000e+08	
   4.3775545301922053e+07	   2.8444196426824554e+11	   3.1750000000000000e+08	
   4.3835433910046130e+07	   8.9939894009458817e+10	   1.5000000000000000e+08	
   4.3895354536025077e+07	   9.0602815873257126e+10	   1.5050000000000000e+08	
   4.3955354536025077e+07	   1.5020087690399655e+11	   2.1550000000000000e+08	
   4.4015243208830968e+07	   8.0994252012904114e+10	   6.6500000000000000e+07	
   4.4075243208830968e+07	   9.0384039652822638e+08	   1.0000000000000000e+06	
   4.4135243208830968e+07	   1.2536578059432001e+09	   2.0000000000000000e+06	
   4.4195243208830968e+07	   1.2938281762863789e+09	   2.0000000000000000e+06	
   4.4255243208830968e+07	   2.1648315629923811e+09	   2.0000000000000000e+06	
   4.4315163319028892e+07	   6.6680139276040474e+10	   6.7000000000000000e+07	
   4.4375047309146859e+07	   6.3037072111405087e+09	   4.0000000000000000e+06	
   4.4434996708356954e+07	   3.6898934970657333e+10	   1.4900000000000000e+08	
   4.4494837933924064e+07	   3.8367934900729637e+10	   1.4900000000000000e+08	
   4.4554837933924064e+07	   3.9391685543612633e+10	   1.4900000000000000e+08	
   4.4614837933924064e+07	   4.1657832860922417e+10	   1.5150000000000000e+08	
   4.4674837933924064e+07	   4.2941562352416031e+10	   1.5150000000000000e+08	
   4.4734837933924064e+07	   8.2291617079207935e+09	   5.5000000000000000e+06	
   4.4794837933924064e+07	   4.3091243955188072e+10	   2.9500000000000000e+07	
   4.4854837933924064e+07	   4.2835363937773087e+10	   9.1500000000000000e+07	
   4.4914837933924064e+07	  -2.9796486246028533e+09	   6.6500000000000000e+07	
   4.4974462173208199e+07	   6.7606981315342464e+09	   6.7000000000000000e+07	
   4.5034462173208199e+07	   1.8473895998873459e+10	   6.7500000000000000e+07	
   4.5094462173208199e+07	   2.8983492272525127e+10	   2.9000000000000000e+07	
   4.5154369781279840e+07	   1.1397060676000693e+11	   9.3500000000000000e+07	
   4.5214369781279840e+07	   1.2860683798274759e+11	   2.3750000000000000e+08	
   4.5274369781279840e+07	   1.9708245225097443e+11	   3.9000000000000000e+08	
   4.5334354928566433e+07	   1.1887363235008742e+11	   2.6250000000000000e+08	
   4.5394351896239355e+07	   5.2036750119773956e+10	   2.1200000000000000e+08	
   4.5454204598969646e+07	   6.0181086116637856e+10	   1.9700000000000000e+08	
   4.5514204598969646e+07	   7.0603680077159195e+10	   9.3500000000000000e+07	
   4.5574204598969646e+07	   5.1811469031531990e+10	   6.7500000000000000e+07	
   4.5634202845167652e+07	   1.8009561105168634e+11	   2.3350000000000000e+08	
   4.5694202845167652e+07	   1.5009928792509860e+11	   1.7000000000000000e+08	
   4.5753496359565482e+07	   6.9403595676187372e+09	   6.5000000000000000e+06	
   4.5813300416418865e+07	   9.8245634502678192e+10	   8.9500000000000000e+07	
   4.5873164270744279e+07	   4.4289863383184746e+10	   6.5000000000000000e+07	
   4.5933164270744279e+07	   6.0618255514628532e+10	   1.4600000000000000e+08	
   4.5993150719449177e+07	   6.1563641074451286e+10	   1.4750000000000000e+08	
   4.6053150719449177e+07	   7.2813432811249313e+10	   1.4700000000000000e+08	
   4.6111858826704420e+07	   1.7182785813475659e+11	   2.4500000000000000e+08	
   4.6171828813240364e+07	   2.5653496832991226e+11	   3.0800000000000000e+08	
   4.6231280782741085e+07	   2.2858164585025961e+11	   2.7850000000000000e+08	
   4.6290736601313248e+07	   5.8943620618891792e+10	   6.7000000000000000e+07	
   4.6350736601313248e+07	   1.0177133176891875e+11	   1.0450000000000000e+08	
   4.6410634932096094e+07	   9.4573297338977844e+10	   1.0450000000000000e+08	
   4.6470602509634115e+07	   1.0434130170749800e+11	   1.6500000000000000e+08	
   4.6530578907539710e+07	   1.1760241947524652e+11	   1.6500000000000000e+08	
   4.6590578907539710e+07	   5.7670496570848717e+10	   6.6000000000000000e+07	
   4.6650484439887941e+07	   9.3488931890465500e+10	   1.6850000000000000e+08	
   4.6710445320376270e+07	   1.4780783360894595e+11	   2.9200000000000000e+08	
   4.6770368150907882e+07	   1.5310356938598923e+11	   3.3650000000000000e+08	
   4.6830154705459692e+07	   4.9794033740263481e+10	   2.1150000000000000e+08	
   4.6890144275250524e+07	   1.2613721007611015e+11	   2.7050000000000000e+08	
   4.6950144275250524e+07	   1.2229963471433778e+11	   3.3150000000000000e+08	
   4.7010053265286505e+07	   6.1112425406090172e+10	   1.2600000000000000e+08	
   4.7069977690187253e+07	   8.7498590271002457e+10	   2.5050000000000000e+08	
   4.7129977690187253e+07	   1.0943438193791711e+11	   2.5050000000000000e+08	
   4.7189977690187253e+07	   4.6230345188959290e+10	   1.2700000000000000e+08	
   4.7249562756093323e+07	   7.9577072226030472e+10	   9.9500000000000000e+07	
   4.7309313243183300e+07	   8.2314052626960495e+10	   9.9500000000000000e+07	
   4.7369071801091529e+07	   2.9997550369258301e+10	   6.4500000000000000e+07	
   4.7429071801091529e+07	   2.6848564044796036e+10	   6.5000000000000000e+07	
   4.7489071801091529e+07	   1.1019536719317397e+11	   6.4500000000000000e+07	
   4.7549071801091529e+07	   1.1424285564953433e+11	   1.2400000000000000e+08	
   4.7608223128620334e+07	   2.1310603664692993e+11	   3.3000000000000000e+08	
   4.7668006268500306e+07	   1.7788266737324396e+11	   2.6850000000000000e+08	
   4.7727904799096160e+07	   1.1848895139472580e+11	   1.2550000000000000e+08	
   4.7786541780719377e+07	   1.2053645485742262e+11	   1.2500000000000000e+08	
   4.7846474499865718e+07	   1.2543010879251158e+11	   1.2550000000000000e+08	
   4.7906474499865718e+07	   6.5550135531963520e+09	   6.0000000000000000e+06	
   4.7966474499865718e+07	   2.4371701136118763e+10	   6.7000000000000000e+07	
   4.8026474499865718e+07	   7.0849197077697220e+09	   6.0000000000000000e+06	
   4.8086474499865718e+07	   9.2858574047793091e+10	   6.6000000000000000e+07	
   4.8146325122138545e+07	   4.4848346124385624e+09	   3.7000000000000000e+07	
   4.8206325122138545e+07	   1.6218905824724333e+09	   2.0000000000000000e+06	
   4.8266254580467328e+07	   3.9813658316546730e+10	   3.9500000000000000e+07	
   4.8326254580467328e+07	   5.0966148605344315e+09	   5.5000000000000000e+06	
   4.8385776313245974e+07	   4.1638029408419456e+09	   5.0000000000000000e+06	
   4.8445481254968375e+07	   4.6801291737178593e+09	   5.0000000000000000e+06	
   4.8505367017699115e+07	   2.7728424955919127e+09	   2.5000000000000000e+06	
   4.8564852612773702e+07	   3.5604790702581396e+09	   3.5000000000000000e+06	
   4.8624852612773702e+07	   7.9696168419089294e+10	   6.3000000000000000e+07	
   4.8684852612773702e+07	   1.1673814020570178e+11	   1.7800000000000000e+08	
   4.8744502478326187e+07	   4.2514349634817368e+10	   1.1900000000000000e+08	
   4.8804502478326187e+07	   4.8622871721650195e+08	   1.0000000000000000e+06	
   4.8864502478326187e+07	   9.8968844663701344e+08	   1.0000000000000000e+06	
   4.8924502478326187e+07	   7.1657470210421722e+10	   6.0500000000000000e+07	
   4.8984502478326187e+07	   6.6706735234976830e+10	   6.0500000000000000e+07	
   4.9044502478326187e+07	   9.4461484091048965e+10	   1.1950000000000000e+08	
   4.9104325285651304e+07	   9.8597788848964142e+10	   1.2150000000000000e+08	
   4.9163670228524722e+07	   1.1615163646647580e+11	   2.6300000000000000e+08	
   4.9223221586592779e+07	   9.0510201845186737e+10	   2.0450000000000000e+08	
   4.9283221586592779e+07	   1.5671752519414694e+11	   2.6300000000000000e+08	
   4.9343200067765489e+07	   7.5510767275047333e+10	   2.0650000000000000e+08	
   4.9403200067765489e+07	   1.0010704047023615e+11	   2.6200000000000000e+08	
   4.9463144939147234e+07	   1.3605093004562773e+11	   2.9750000000000000e+08	
   4.9523080297763020e+07	   1.2350838885694783e+11	   3.2300000000000000e+08	
   4.9582837579369947e+07	   2.0118832907075510e+09	   6.3500000000000000e+07	
   4.9642541344183989e+07	   4.3699956738430794e+10	   1.2450000000000000e+08	
   4.9702292364175059e+07	   4.2544509337703346e+10	   6.4500000000000000e+07	
   4.9762292364175059e+07	   3.3274357103394932e+10	   6.2500000000000000e+07	
   4.9821893118572891e+07	   2.7281797628996967e+10	   6.3500000000000000e+07	
   4.9881834341636024e+07	   2.6371981302581593e+10	   1.5350000000000000e+08	
   4.9941834341636024e+07	   5.1599764368561790e+10	   6.1500000000000000e+07	
   5.0001834341636024e+07	   9.4289549694410751e+10	   1.4500000000000000e+08	
   5.0060831256022923e+07	   9.3559536098213074e+10	   1.4450000000000000e+08	
   5.0120816654607393e+07	   1.0269801492958356e+11	   2.0150000000000000e+08	
   5.0180801632140860e+07	   1.0148157013102229e+11	   2.0350000000000000e+08	
   5.0240668961411618e+07	   2.0971770394279568e+11	   2.6100000000000000e+08	
   5.0300668961411618e+07	   1.1237768420396167e+11	   6.2500000000000000e+07	
   5.0360668961411618e+07	   3.6569708238985043e+09	   4.0000000000000000e+06	
   5.0420668961411618e+07	   8.1458793307830515e+09	   6.0500000000000000e+07	
   5.0479884663970627e+07	   4.0466081167781784e+10	   9.1500000000000000e+07	
   5.0539834976751730e+07	   1.1602000550437372e+11	   1.4900000000000000e+08	
   5.0599579494667791e+07	   4.2053917764335632e+10	   3.5000000000000000e+07	
   5.0659531646119989e+07	   4.9732356000263195e+09	   4.5000000000000000e+06	
   5.0719338951915450e+07	   2.3422070424777786e+10	   3.5500000000000000e+07	
   5.0778748007158212e+07	   2.6811486503390930e+10	   3.4000000000000000e+07	
   5.0838473709944397e+07	   1.5417493129647272e+11	   1.2550000000000000e+08	
   5.0898315977546595e+07	   1.6505408780411292e+11	   1.2550000000000000e+08	
   5.0958132978170171e+07	   1.1520746996623503e+11	   2.3500000000000000e+08	
   5.1018011859374031e+07	   1.5522661872640930e+11	   2.6600000000000000e+08	
   5.1077693224811345e+07	   1.4903300560413849e+11	   2.6550000000000000e+08	
   5.1137693224811345e+07	   1.2189765388577716e+11	   2.6550000000000000e+08	
   5.1197301108087793e+07	   2.1194718933873669e+11	   2.6500000000000000e+08	
   5.1257301108087793e+07	   2.1322236076277350e+11	   2.3600000000000000e+08	
   5.1317301108087793e+07	   2.0462917889233325e+11	   2.3350000000000000e+08	
   5.1376927546008252e+07	   1.8125742505576843e+11	   1.2550000000000000e+08	
   5.1436827232702091e+07	   2.0066971676562396e+11	   1.2500000000000000e+08	
   5.1496827232702091e+07	   2.0611621296572336e+11	   9.4000000000000000e+07	
   5.1556827232702091e+07	   2.1284628031766580e+11	   9.3500000000000000e+07	
   5.1616827232702091e+07	   2.1396100168945996e+11	   9.4500000000000000e+07	
   5.1676737929527909e+07	   3.5215878911836499e+11	   1.8100000000000000e+08	
   5.1736737929527909e+07	   3.1824766913802142e+11	   2.3800000000000000e+08	
   5.1796652351705201e+07	   3.4904488495240051e+11	   2.3750000000000000e+08	
   5.1856603610110588e+07	   3.7748369641158936e+11	   2.6750000000000000e+08	
   5.1916598226596862e+07	   3.1724792495210974e+11	   2.6700000000000000e+08	
   5.1976598226596862e+07	   3.2762826917916699e+11	   1.7950000000000000e+08	
   5.2036598226596862e+07	   2.8299532127620056e+11	   1.7900000000000000e+08	
   5.2096513793435395e+07	   3.1800059248243451e+11	   1.7800000000000000e+08	
   5.2156108957136579e+07	   3.4203841299475787e+11	   2.3500000000000000e+08	
   5.2216108957136579e+07	   2.8911254888343500e+11	   1.7800000000000000e+08	
   5.2276108957136579e+07	   3.5642452850035510e+11	   2.3150000000000000e+08	
   5.2336108957136579e+07	   3.6552444303693433e+11	   2.3300000000000000e+08	
   5.2396077311096601e+07	   3.2172143463654022e+11	   2.3250000000000000e+08	
   5.2456077311096601e+07	   3.3484003808522424e+11	   2.3200000000000000e+08	
   5.2515971501521625e+07	   2.8817469178789056e+11	   2.0500000000000000e+08	
   5.2575971501521625e+07	   2.9229585535655231e+11	   2.0350000000000000e+08	
   5.2635835803972490e+07	   3.5928283205494977e+11	   2.5950000000000000e+08	
   5.2695835803972490e+07	   2.7920880302537042e+11	   2.5900000000000000e+08	
   5.2755190466685392e+07	   3.5202248871959698e+11	   2.3000000000000000e+08	
   5.2815149450197667e+07	   2.3386172687146472e+11	   1.7550000000000000e+08	
   5.2875149450197667e+07	   2.6752696857313782e+11	   1.7550000000000000e+08	
   5.2935149450197667e+07	   3.2623097135956592e+11	   1.7400000000000000e+08	
   5.2995149450197667e+07	   2.2655785948865945e+11	   1.7300000000000000e+08	
   5.3055149450197667e+07	   2.5687107462144708e+11	   1.7300000000000000e+08	
   5.3115149450197667e+07	   2.1944685802347180e+11	   1.7300000000000000e+08	
   0.0000000000000000e+00	   0.0000000000000000e+00	   0.0000000000000000e+00	
   0.0000000000000000e+00	   0.0000000000000000e+00	   0.0000000000000000e+00	
