   2.1266356332065237e-02	   0.0000000000000000e+00	   0.0000000000000000e+00	
   4.0150677292585890e-01	   0.0000000000000000e+00	   0.0000000000000000e+00	
   4.1769739276350419e+00	   0.0000000000000000e+00	   0.0000000000000000e+00	
   4.2320134483886243e+01	   0.0000000000000000e+00	   0.0000000000000000e+00	
   2.4948399615236758e+03	   0.0000000000000000e+00	   0.0000000000000000e+00	
   6.4467887673936730e+03	   0.0000000000000000e+00	   0.0000000000000000e+00	
   1.2559139795297693e+04	   0.0000000000000000e+00	   0.0000000000000000e+00	
   2.2565971660848380e+04	   0.0000000000000000e+00	   0.0000000000000000e+00	
   4.1538041016385192e+04	   0.0000000000000000e+00	   0.0000000000000000e+00	
   7.7191588991379977e+04	   0.0000000000000000e+00	   0.0000000000000000e+00	
   1.1575333720406915e+05	   0.0000000000000000e+00	   0.0000000000000000e+00	
   1.5322449978142261e+05	   0.0000000000000000e+00	   0.0000000000000000e+00	
   1.9000547064339693e+05	   0.0000000000000000e+00	   0.0000000000000000e+00	
   2.2686035227276172e+05	   0.0000000000000000e+00	   0.0000000000000000e+00	
   2.6400080098658823e+05	   0.0000000000000000e+00	   0.0000000000000000e+00	
   3.0195351272528892e+05	   0.0000000000000000e+00	   0.0000000000000000e+00	
   3.4013518307593174e+05	   0.0000000000000000e+00	   0.0000000000000000e+00	
   3.7822944040972320e+05	   0.0000000000000000e+00	   0.0000000000000000e+00	
   4.1665431658919971e+05	   0.0000000000000000e+00	   0.0000000000000000e+00	
   4.5577144533628214e+05	   0.0000000000000000e+00	   0.0000000000000000e+00	
   4.9594312798917713e+05	   0.0000000000000000e+00	   0.0000000000000000e+00	
   5.3724749058280652e+05	   0.0000000000000000e+00	   0.0000000000000000e+00	
   5.7999062802537892e+05	   0.0000000000000000e+00	   0.0000000000000000e+00	
   6.2452098028366559e+05	   0.0000000000000000e+00	   0.0000000000000000e+00	
   6.7111517772539030e+05	   0.0000000000000000e+00	   0.0000000000000000e+00	
   7.2012807552275946e+05	   0.0000000000000000e+00	   0.0000000000000000e+00	
   7.7196179712817632e+05	   0.0000000000000000e+00	   0.0000000000000000e+00	
   8.2708952536733868e+05	   0.0000000000000000e+00	   0.0000000000000000e+00	
   8.8596902760874596e+05	   0.0000000000000000e+00	   0.0000000000000000e+00	
   9.4596902760874596e+05	   0.0000000000000000e+00	   0.0000000000000000e+00	
   1.0059690276087460e+06	   0.0000000000000000e+00	   0.0000000000000000e+00	
   1.0659690276087460e+06	   0.0000000000000000e+00	   0.0000000000000000e+00	
   1.1259690276087462e+06	  -3.3991140259024567e+10	   1.2960000000000000e+08	
   1.1859690276087462e+06	  -1.0264474490921358e+11	   3.7920000000000000e+08	
   1.2459690276087462e+06	  -1.7546868482004785e+11	   6.2720000000000000e+08	
   1.3059690276087462e+06	  -2.9514382742515808e+11	   1.0200000000000000e+09	
   1.3659690276087462e+06	  -4.1386108298739600e+11	   1.3904000000000000e+09	
   1.4259690276087462e+06	  -5.6838588411088110e+11	   1.8580000000000000e+09	
   1.4859690276087462e+06	  -7.2368535243122327e+11	   2.3100000000000000e+09	
   1.5459690276087462e+06	  -9.0088341040194348e+11	   2.8100000000000000e+09	
   1.6059690276087462e+06	  -1.0846176270638645e+12	   3.2980000000000000e+09	
   1.6659690276087462e+06	  -1.2929128829777612e+12	   3.8300000000000000e+09	
   1.7259690276087462e+06	  -1.5198759299866299e+12	   4.3820000000000000e+09	
   1.7859690276087462e+06	  -1.7581562093837830e+12	   4.9500000000000000e+09	
   1.8459690276087462e+06	  -2.0149013406541040e+12	   5.5459700000000000e+09	
   1.9059690276087462e+06	  -2.2846337409112056e+12	   6.1702600000000000e+09	
   1.9657241346580018e+06	  -3.0420694639538462e+12	   8.0277600000000000e+09	
   2.0256253124642654e+06	  -2.8609102701699307e+12	   7.4376100000000000e+09	
   2.0855355416185993e+06	  -3.1466585075914829e+12	   8.0544200000000000e+09	
   2.1455355416185991e+06	  -3.4323631637064766e+12	   8.6790800000000000e+09	
   2.2055355416185991e+06	  -3.7079043595876509e+12	   9.2881800000000000e+09	
   2.2655355416185991e+06	  -4.4955971906205010e+12	   1.1147860000000000e+10	
   2.3255355416185991e+06	  -4.7731857770170928e+12	   1.1761290000000000e+10	
   2.3855355416185991e+06	  -4.5093205178555469e+12	   1.1097400000000000e+10	
   2.4455355416185991e+06	  -5.8053935015915312e+12	   1.4213080000000000e+10	
   2.5055355416185991e+06	  -5.0218255258345186e+12	   1.2234640000000000e+10	
   2.5655355416185991e+06	  -5.2694913539564873e+12	   1.2781490000000000e+10	
   2.6255355416185991e+06	  -6.0240098704428691e+12	   1.4596920000000000e+10	
   2.6855355416185991e+06	  -5.7567104013053789e+12	   1.3848710000000000e+10	
   2.7455355416185991e+06	  -6.5035562657295195e+12	   1.5669080000000000e+10	
   2.8055355416185991e+06	  -6.2053803039860908e+12	   1.4790680000000000e+10	
   2.8655355416185991e+06	  -6.4210563845144326e+12	   1.5227020000000000e+10	
   2.9255355416185991e+06	  -6.6892757036321787e+12	   1.5792810000000000e+10	
   2.9855355416185991e+06	  -6.9040901134881484e+12	   1.6214550000000000e+10	
   3.0455355416185991e+06	  -7.0944769839036191e+12	   1.6557450000000000e+10	
   3.1055355416185991e+06	  -7.9338550626352568e+12	   1.8425110000000000e+10	
   3.1655355416185991e+06	  -8.7995586061189570e+12	   2.0188050000000000e+10	
   3.2255355416185991e+06	  -9.8776626111841660e+12	   2.2119580000000000e+10	
   3.2855355416185991e+06	  -1.0307656145234678e+13	   2.2624430000000000e+10	
   3.3455355416185991e+06	  -1.1990736969689818e+13	   2.5832000000000000e+10	
   3.4055355416185991e+06	  -1.3709855525656428e+13	   2.8988890000000000e+10	
   3.4655355416185991e+06	  -1.3642979746139578e+13	   2.8239000000000000e+10	
   3.5255355416185991e+06	  -1.5666310172085301e+13	   3.1492210000000000e+10	
   3.5855355416185991e+06	  -1.7034005320078309e+13	   3.3509680000000000e+10	
   3.6455355416185991e+06	  -1.7723522760696184e+13	   3.4063840000000000e+10	
   3.7055355416185991e+06	  -1.9904221829113781e+13	   3.7404060000000000e+10	
   3.7655355416185991e+06	  -2.1205680855638367e+13	   3.9360870000000000e+10	
   3.8255355416185991e+06	  -2.1844153282432023e+13	   3.9823430000000000e+10	
   3.8855355416185991e+06	  -2.2650844144999688e+13	   4.0503640000000000e+10	
   3.9455355416185991e+06	  -2.5269069539364395e+13	   4.3754910000000000e+10	
   4.0055355416185991e+06	  -2.7625152666486828e+13	   4.5882400000000000e+10	
   4.0655355416185991e+06	  -3.0068676307947398e+13	   4.7778140000000000e+10	
   4.1255355416185991e+06	  -3.2107383519453953e+13	   4.9596020000000000e+10	
   4.1855355416185991e+06	  -3.3574238416052383e+13	   5.0510840000000000e+10	
   4.2455355416185996e+06	  -3.6128235210018500e+13	   5.3900410000000000e+10	
   4.3055355416185996e+06	  -3.6765793008572656e+13	   5.4485599400000000e+10	
   4.3655355416185996e+06	  -3.7094111986118852e+13	   5.5025427500000000e+10	
   4.4255355416185996e+06	  -3.7477084440073734e+13	   5.5587339000000000e+10	
   4.4855355416185996e+06	  -4.0225096713569336e+13	   5.9171866200000000e+10	
   4.5455355416185996e+06	  -4.0590689275816852e+13	   5.9697288700000000e+10	
   4.5979522368378229e+06	  -4.1803978156248422e+13	   6.1544180600000000e+10	
   4.6257813115830105e+06	  -4.1655185221290617e+13	   6.2064334400000000e+10	
   4.6428632421624567e+06	  -4.2898303482023492e+13	   6.4011980000000000e+10	
   4.6574045792683279e+06	  -4.2506907289163344e+13	   6.2860340000000000e+10	
   4.6716598152332772e+06	  -4.4979656717473211e+13	   6.4819675000000000e+10	
   4.6866816436112802e+06	  -4.5646208040384039e+13	   6.3670055000000000e+10	
   4.7033206583271911e+06	  -5.0784590671551523e+13	   6.7637100000000000e+10	
   4.7220476374137709e+06	  -5.3029616754408734e+13	   6.8524386800000000e+10	
   4.7424099192158282e+06	  -5.4722264387480367e+13	   6.9455385300000000e+10	
   4.7641814065963281e+06	  -5.5351661641663234e+13	   6.8816034000000000e+10	
   4.7875562024027901e+06	  -5.9051831392433305e+13	   7.2885041100000000e+10	
   4.8126683201826140e+06	  -5.9173558501337156e+13	   7.1971800000000000e+10	
   4.8394813747682571e+06	  -6.0110522047433742e+13	   7.2602145000000000e+10	
   4.8678142965826988e+06	  -6.1955613231254680e+13	   7.4853085000000000e+10	
   4.8975639030257557e+06	  -6.4793696485452742e+13	   7.8724450000000000e+10	
   4.9284602272808757e+06	  -6.3215754423391953e+13	   7.5923215000000000e+10	
   4.9602764951502336e+06	  -6.4980391570883508e+13	   7.8191465000000000e+10	
   4.9928104112521671e+06	  -6.6587574298745148e+13	   8.0274120000000000e+10	
   5.0312329768373016e+06	  -6.8644558542983492e+13	   8.2668545000000000e+10	
   5.0673836304578679e+06	  -6.8687146672862258e+13	   8.1825430000000000e+10	
   5.0956525860128477e+06	  -7.3089162356014312e+13	   8.7579915000000000e+10	
   5.1234837542836498e+06	  -7.4034738549721797e+13	   8.8398695000000000e+10	
   5.1519426402029190e+06	  -7.4734687058659906e+13	   8.9169945000000000e+10	
   5.1804351741491184e+06	  -7.6388483575365391e+13	   9.1534330000000000e+10	
   5.2097256379444217e+06	  -7.8212479094538875e+13	   9.3904615000000000e+10	
   5.2387354444542816e+06	  -7.6498735650221672e+13	   9.1332745000000000e+10	
   5.2685583054201771e+06	  -7.9396925463620641e+13	   9.5314380000000000e+10	
   5.2998375924782371e+06	  -7.9875338069682266e+13	   9.5972960000000000e+10	
   5.3341745598142594e+06	  -8.2713963158348938e+13	   9.9775790000000000e+10	
   5.3695017365107462e+06	  -8.0925991238644828e+13	   9.6845395000000000e+10	
   5.4054061184357600e+06	  -8.3934599895073328e+13	   1.0054645500000000e+11	
   5.4415864030022640e+06	  -8.3506670229989859e+13	   9.9206125000000000e+10	
   5.4784296818773858e+06	  -8.6709191540546734e+13	   1.0289205500000000e+11	
   5.5166284745231560e+06	  -8.7421537671517203e+13	   1.0313162000000000e+11	
   5.5562639768772181e+06	  -8.9097363876165844e+13	   1.0508582500000000e+11	
   5.5974644392439453e+06	  -8.8168572325991016e+13	   1.0356922500000000e+11	
   5.6397655015003635e+06	  -9.0957812242963969e+13	   1.0718069000000000e+11	
   5.6841455882903701e+06	  -9.2392903681306453e+13	   1.0905475500000000e+11	
   5.7307864882044112e+06	  -9.1210571417363859e+13	   1.0751355500000000e+11	
   5.7799563478227966e+06	  -9.2608316619376125e+13	   1.0936159000000000e+11	
   5.8321549337282414e+06	  -9.2452529036554781e+13	   1.0948365500000000e+11	
   5.8872048209856059e+06	  -9.3690868676625203e+13	   1.1128625500000000e+11	
   5.9454730443514204e+06	  -9.6310991902343141e+13	   1.1479962000000000e+11	
   6.0054730443514204e+06	  -9.4669140255065844e+13	   1.1315655500000000e+11	
   6.0654730443514204e+06	  -9.4442695640140781e+13	   1.1321115500000000e+11	
   6.1254730443514204e+06	  -9.2991657383282719e+13	   1.1153626000000000e+11	
   6.1854730443514204e+06	  -9.5841123117893688e+13	   1.1502978500000000e+11	
   6.2454730443514204e+06	  -9.4526954746980766e+13	   1.1336532000000000e+11	
   6.3054730443514204e+06	  -9.5857500743306734e+13	   1.1515038500000000e+11	
   6.3654730443514204e+06	  -9.7324715400848359e+13	   1.1697355500000000e+11	
   6.4254730443514204e+06	  -9.7403183735835234e+13	   1.1704299000000000e+11	
   6.4854730443514204e+06	  -9.5807683021310734e+13	   1.1537795500000000e+11	
   6.5454730443514204e+06	  -9.7267086322146891e+13	   1.1724658500000000e+11	
   6.6054730443514204e+06	  -9.8815058233071797e+13	   1.1908701500000000e+11	
   6.6654730443514204e+06	  -9.8986931648023062e+13	   1.1919685000000000e+11	
   6.7254730443514204e+06	  -1.0070044890880075e+14	   1.2105509000000000e+11	
   6.7854730443514204e+06	  -1.0267776830796105e+14	   1.2293355500000000e+11	
   6.8454730443514204e+06	  -9.9609340048171234e+13	   1.1780909000000000e+11	
   6.9054730443514204e+06	  -1.0450990784305239e+14	   1.2316362000000000e+11	
   6.9654730443514204e+06	  -1.0813991074866222e+14	   1.2681915000000000e+11	
   7.0254730443514204e+06	  -1.0668575182160138e+14	   1.2342382000000000e+11	
   7.0854730443514204e+06	  -1.0762338026148759e+14	   1.2353495500000000e+11	
   7.1454730443514204e+06	  -1.1124760637546391e+14	   1.2718132000000000e+11	
   7.2054730443514204e+06	  -1.1227742360755430e+14	   1.2730595500000000e+11	
   7.2654730443514204e+06	  -1.1447269703166727e+14	   1.2919545500000000e+11	
   7.3254730443514204e+06	  -1.1429131851481953e+14	   1.2753759000000000e+11	
   7.3854730443514204e+06	  -1.1648177753342547e+14	   1.2943142500000000e+11	
   7.4454730443514204e+06	  -1.1873073530260292e+14	   1.3187803500000000e+11	
   7.5054730443514204e+06	  -1.1827272681545380e+14	   1.3024678500000000e+11	
   7.5654730443514204e+06	  -1.2122597314899834e+14	   1.3393309000000000e+11	
   7.6254730443514204e+06	  -1.2184897470097816e+14	   1.3407902500000000e+11	
   7.6854730443514204e+06	  -1.2251026548206878e+14	   1.3481609000000000e+11	
   7.7454730443514204e+06	  -1.2526342647335850e+14	   1.3852165500000000e+11	
   7.8054730443514204e+06	  -1.2125225918684041e+14	   1.3335545500000000e+11	
   7.8654730443514204e+06	  -1.2543660396096044e+14	   1.3951315500000000e+11	
   7.9254730443514204e+06	  -1.2393783608903816e+14	   1.3789906000000000e+11	
   7.9854730443514204e+06	  -1.2611822997912894e+14	   1.4161782500000000e+11	
   8.0454730443514204e+06	  -1.2574746929357997e+14	   1.4249935500000000e+11	
   8.1054730443514204e+06	  -1.2442533012973592e+14	   1.4267075500000000e+11	
   8.1654730443514204e+06	  -1.2418122640506275e+14	   1.4466532500000000e+11	
   8.2254730443514204e+06	  -1.2157682328158817e+14	   1.4379258500000000e+11	
   8.2854730443514204e+06	  -1.2327296236755658e+14	   1.4938998500000000e+11	
   8.3454730443514204e+06	  -1.1968258796989548e+14	   1.4780421500000000e+11	
   8.4054730443514194e+06	  -1.1972793031060688e+14	   1.5239295000000000e+11	
   8.4654730443514194e+06	  -1.1781171388328531e+14	   1.5440215500000000e+11	
   8.5254730443514194e+06	  -1.1395008539245498e+14	   1.5463205500000000e+11	
   8.5854730443514194e+06	  -1.0992637495744283e+14	   1.5573189000000000e+11	
   8.6454730443514194e+06	  -1.0666399164534600e+14	   1.5777866000000000e+11	
   8.7054730443514194e+06	  -1.0079631787453394e+14	   1.5709539000000000e+11	
   8.7654730443514194e+06	  -9.9271451653748766e+13	   1.6101655500000000e+11	
   8.8254730443514194e+06	  -9.2456677414318453e+13	   1.5946279000000000e+11	
   8.8854730443514194e+06	  -9.3497350859839859e+13	   1.6612975500000000e+11	
   8.9454730443514194e+06	  -8.3819102345995906e+13	   1.6099212500000000e+11	
   9.0054730443514194e+06	  -8.6533254815795562e+13	   1.6948932500000000e+11	
   9.0654730443514194e+06	  -7.7455562866595312e+13	   1.6437418500000000e+11	
   9.1254730443514194e+06	  -7.9157580753003344e+13	   1.7197772500000000e+11	
   9.1854730443514194e+06	  -7.2003056926614859e+13	   1.6782829000000000e+11	
   9.2454730443514194e+06	  -7.2149422074622969e+13	   1.7358395500000000e+11	
   9.3054730443514194e+06	  -6.9827778697348328e+13	   1.7493812000000000e+11	
   9.3654730443514194e+06	  -6.4115695959923914e+13	   1.7159632500000000e+11	
   9.4254730443514194e+06	  -6.4568440346033828e+13	   1.7734246000000000e+11	
   9.4854730443514194e+06	  -6.0507566150969719e+13	   1.7506929000000000e+11	
   9.5454730443514194e+06	  -6.1129948456436180e+13	   1.8084975500000000e+11	
   9.6054730443514194e+06	  -5.7514019100056984e+13	   1.7926152000000000e+11	
   9.6654730443514194e+06	  -5.3816560985600164e+13	   1.7700142500000000e+11	
   9.7254730443514194e+06	  -5.5590979349772484e+13	   1.8461678500000000e+11	
   9.7854730443514194e+06	  -5.1648349090715531e+13	   1.8115698500000000e+11	
   9.8454730443514194e+06	  -4.9961710874377789e+13	   1.8079359500000000e+11	
   9.9054730443514194e+06	  -5.0187165955485312e+13	   1.8656552500000000e+11	
   9.9654730443514194e+06	  -4.7332449623062102e+13	   1.8307852000000000e+11	
   1.0025473044351419e+07	  -4.6629732018384719e+13	   1.8513489000000000e+11	
   1.0085473044351419e+07	  -4.6180979382266906e+13	   1.8905102500000000e+11	
   1.0145473044351419e+07	  -4.6541842808152062e+13	   1.9060426000000000e+11	
   1.0205473044351419e+07	  -4.5507980044954391e+13	   1.8894909000000000e+11	
   1.0265473044351419e+07	  -4.4764833050372047e+13	   1.9099849000000000e+11	
   1.0325473044351419e+07	  -4.3846854262265172e+13	   1.9304712500000000e+11	
   1.0385473044351419e+07	  -4.3503158969953102e+13	   1.9133216000000000e+11	
   1.0445473044351419e+07	  -4.3213378901282914e+13	   1.9151873000000000e+11	
   1.0505473044351419e+07	  -4.4001271742204297e+13	   1.9503852500000000e+11	
   1.0565473044351419e+07	  -4.3445068168796047e+13	   1.9708256000000000e+11	
   1.0625473044351419e+07	  -4.2887176633242117e+13	   1.9722973000000000e+11	
   1.0685473044351419e+07	  -4.2634134965899266e+13	   1.9185873000000000e+11	
   1.0745473044351419e+07	  -4.2185116837088555e+13	   1.9574449500000000e+11	
   1.0805473044351419e+07	  -4.1701069097343023e+13	   1.9961783000000000e+11	
   1.0865473044351419e+07	  -4.1245894058234711e+13	   2.0168810000000000e+11	
   1.0925473044351419e+07	  -4.0914107483640562e+13	   1.9994799500000000e+11	
   1.0985473044351419e+07	  -4.0399619693230141e+13	   1.9640189500000000e+11	
   1.1045473044351419e+07	  -3.9847885842023258e+13	   1.9839646500000000e+11	
   1.1105473044351419e+07	  -3.9334001843109438e+13	   2.0047233500000000e+11	
   1.1165473044351419e+07	  -3.8877104575069953e+13	   2.0619694000000000e+11	
   1.1225473044351419e+07	  -4.0003047512449281e+13	   2.0799700000000000e+11	
   1.1285473044351419e+07	  -3.9385876249326328e+13	   2.0441080500000000e+11	
   1.1345473044351419e+07	  -3.8923304494855234e+13	   2.0086476500000000e+11	
   1.1405473044351419e+07	  -3.8489457582665219e+13	   1.9914300000000000e+11	
   1.1465473044351419e+07	  -3.7778297937317031e+13	   2.0492341000000000e+11	
   1.1525473044351419e+07	  -3.7088394698445539e+13	   2.1065071000000000e+11	
   1.1585473044351419e+07	  -3.6614149410934859e+13	   2.0896244500000000e+11	
   1.1645473044351419e+07	  -3.6251000661595641e+13	   2.0913728000000000e+11	
   1.1705473044351419e+07	  -3.6000470758192992e+13	   2.0366924500000000e+11	
   1.1765473044351419e+07	  -3.5495572703977156e+13	   2.0380961500000000e+11	
   1.1825473044351419e+07	  -3.4893553788248980e+13	   2.0582747500000000e+11	
   1.1885473044351419e+07	  -3.4467423690696113e+13	   2.0973001500000000e+11	
   1.1945473044351419e+07	  -3.4144413868221879e+13	   2.1173841500000000e+11	
   1.2005473044351419e+07	  -3.3737073124927762e+13	   2.1186144500000000e+11	
   1.2065473044351419e+07	  -3.3468311182568641e+13	   2.1013808000000000e+11	
   1.2125473044351419e+07	  -3.3410278826799039e+13	   2.0656115000000000e+11	
   1.2185473044351419e+07	  -3.3005756554655254e+13	   2.0664848500000000e+11	
   1.2245473044351419e+07	  -3.2480620134027852e+13	   2.1055272000000000e+11	
   1.2305473044351419e+07	  -3.2148801543286449e+13	   2.1068919000000000e+11	
   1.2365473044351419e+07	  -3.1755304475438941e+13	   2.1271702000000000e+11	
   1.2425473044351419e+07	  -3.1514776145937871e+13	   2.1282445500000000e+11	
   1.2485473044351419e+07	  -3.1149748173066094e+13	   2.1296352500000000e+11	
   1.2545473044351419e+07	  -3.0994577761899363e+13	   2.1121062000000000e+11	
   1.2605473044351419e+07	  -3.0847409649281090e+13	   2.1135532500000000e+11	
   1.2665473044351419e+07	  -3.0482885491799270e+13	   2.1337396000000000e+11	
   1.2725473044351419e+07	  -3.0181064844005375e+13	   2.1156968500000000e+11	
   1.2785473044351419e+07	  -2.9913036144159145e+13	   2.1363202500000000e+11	
   1.2845473044351419e+07	  -2.9515103488419059e+13	   2.1563132500000000e+11	
   1.2905473044351419e+07	  -2.9164148787269715e+13	   2.1758249000000000e+11	
   1.2965473044351419e+07	  -2.9136809970835820e+13	   2.1583999500000000e+11	
   1.3025473044351419e+07	  -2.9067087436825332e+13	   2.1408136000000000e+11	
   1.3085473044351419e+07	  -2.8508365236807207e+13	   2.1798219000000000e+11	
   1.3145473044351419e+07	  -2.8648542368030059e+13	   2.1243222500000000e+11	
   1.3205473044351419e+07	  -2.8031503918973203e+13	   2.1635189500000000e+11	
   1.3265473044351419e+07	  -2.7770175816631680e+13	   2.1645223000000000e+11	
   1.3325473044351419e+07	  -2.7672008814377609e+13	   2.1657173000000000e+11	
   1.3385473044351419e+07	  -2.7147278297052801e+13	   2.2048352500000000e+11	
   1.3445473044351419e+07	  -2.7077898477516230e+13	   2.1867619500000000e+11	
   1.3505473044351419e+07	  -2.6688134406978238e+13	   2.2074802500000000e+11	
   1.3565473044351419e+07	  -2.6553470920275207e+13	   2.1896072500000000e+11	
   1.3625473044351419e+07	  -2.6219942005960426e+13	   2.2098435500000000e+11	
   1.3685473044351419e+07	  -2.6118853529954227e+13	   2.1919729000000000e+11	
   1.3745473044351419e+07	  -2.5683296209900277e+13	   2.2122183500000000e+11	
   1.3805473044351419e+07	  -2.5304883390509219e+13	   2.2320143000000000e+11	
   1.3865473044351419e+07	  -2.4946647605547570e+13	   2.2333917000000000e+11	
   1.3925473044351419e+07	  -2.4781277233124441e+13	   2.2347173000000000e+11	
   1.3985473044351419e+07	  -2.4546181040096812e+13	   2.2548837000000000e+11	
   1.4045473044351419e+07	  -2.4538276427037355e+13	   2.2373336000000000e+11	
   1.4105473044351419e+07	  -2.4333748174885980e+13	   2.2384006500000000e+11	
   1.4165473044351419e+07	  -2.3796792970282906e+13	   2.2775616500000000e+11	
   1.4225473044351419e+07	  -2.3957830171516164e+13	   2.2409435500000000e+11	
   1.4285473044351419e+07	  -2.3652652603293137e+13	   2.2613109500000000e+11	
   1.4345473044351419e+07	  -2.3441642083170305e+13	   2.2812665500000000e+11	
   1.4405473044351419e+07	  -2.3406301513507570e+13	   2.2636569000000000e+11	
   1.4465473044351419e+07	  -2.3046946432898738e+13	   2.2838802000000000e+11	
   1.4525473044351419e+07	  -2.3154185099852098e+13	   2.2663116500000000e+11	
   1.4585473044351419e+07	  -2.3182872942430676e+13	   2.2487213000000000e+11	
   1.4645473044351419e+07	  -2.2675536909031328e+13	   2.2877810000000000e+11	
   1.4705473044351419e+07	  -2.2441439278261906e+13	   2.2890166000000000e+11	
   1.4765473044351419e+07	  -2.2166031505610145e+13	   2.3094496000000000e+11	
   1.4825473044351419e+07	  -2.2269504063628023e+13	   2.2917702500000000e+11	
   1.4885473044351419e+07	  -2.2356507752488262e+13	   2.2739715500000000e+11	
   1.4945473044351419e+07	  -2.2270175647388777e+13	   2.2753323000000000e+11	
   1.5005473044351419e+07	  -2.1426725829293895e+13	   2.3334949000000000e+11	
   1.5065473044351419e+07	  -2.1216775145510938e+13	   2.3349002500000000e+11	
   1.5125473044351419e+07	  -2.0866399925170168e+13	   2.3359456500000000e+11	
   1.5185473044351419e+07	  -2.1032871398688625e+13	   2.3184069500000000e+11	
   1.5245473044351419e+07	  -2.1453776048417676e+13	   2.2818383000000000e+11	
   1.5305473044351419e+07	  -2.0543020769325199e+13	   2.3396506000000000e+11	
   1.5365473044351419e+07	  -2.0567712914463871e+13	   2.3411716000000000e+11	
   1.5425473044351419e+07	  -2.0128263797294039e+13	   2.3616569500000000e+11	
   1.5485473044351419e+07	  -2.0290236591825781e+13	   2.3251585500000000e+11	
   1.5545473044351419e+07	  -2.0499801202172602e+13	   2.3071822500000000e+11	
   1.5605473044351419e+07	  -1.9676872771793656e+13	   2.3466555500000000e+11	
   1.5665473044351419e+07	  -1.8963081145599664e+13	   2.4046378500000000e+11	
   1.5725473044351419e+07	  -1.9068604639993023e+13	   2.3870988500000000e+11	
   1.5785473044351419e+07	  -1.9047384667904961e+13	   2.3693168000000000e+11	
   1.5845473044351419e+07	  -1.9379590874938383e+13	   2.3327131500000000e+11	
   1.5905473044351419e+07	  -1.9191557411965418e+13	   2.3339541500000000e+11	
   1.5965473044351419e+07	  -1.7910011341501164e+13	   2.4303401500000000e+11	
   1.6025473044351419e+07	  -1.8154580047809059e+13	   2.3934878500000000e+11	
   1.6085473044351419e+07	  -1.7782011364675984e+13	   2.4136908000000000e+11	
   1.6145473044351419e+07	  -1.8361721260267977e+13	   2.3581394000000000e+11	
   1.6205473044351419e+07	  -1.8244192969789781e+13	   2.3593761000000000e+11	
   1.6265473044351419e+07	  -1.7608226229670789e+13	   2.3987074000000000e+11	
   1.6325473044351419e+07	  -1.6643894852473611e+13	   2.4571384500000000e+11	
   1.6385473044351419e+07	  -1.6898460167755033e+13	   2.4201314000000000e+11	
   1.6445473044351419e+07	  -1.7015275662091193e+13	   2.4024984000000000e+11	
   1.6505473044351419e+07	  -1.7071655654754963e+13	   2.3848404000000000e+11	
   1.6565473044351419e+07	  -1.6877440891903107e+13	   2.3861934000000000e+11	
   1.6625473044351419e+07	  -1.6092133701176793e+13	   2.4252503000000000e+11	
   1.6685473044351419e+07	  -1.5231357264837967e+13	   2.4839323500000000e+11	
   1.6745473044351419e+07	  -1.5715634614199410e+13	   2.4467314000000000e+11	
   1.6805473044351421e+07	  -1.5606987038013121e+13	   2.4287716000000000e+11	
   1.6865473044351421e+07	  -1.5671425475469615e+13	   2.4107189500000000e+11	
   1.6925473044351421e+07	  -1.5559410589670357e+13	   2.4122032000000000e+11	
   1.6985473044351421e+07	  -1.5059469764694578e+13	   2.4324319000000000e+11	
   1.7045473044351421e+07	  -1.4550081140815166e+13	   2.4717676000000000e+11	
   1.7105473044351421e+07	  -1.3812940692912629e+13	   2.5112089000000000e+11	
   1.7165473044351421e+07	  -1.4383289508700436e+13	   2.4551156500000000e+11	
   1.7225473044351421e+07	  -1.4035599742615273e+13	   2.4562246500000000e+11	
   1.7285473044351421e+07	  -1.4175586840729254e+13	   2.4381696500000000e+11	
   1.7345473044351421e+07	  -1.4112386217564965e+13	   2.4395626000000000e+11	
   1.7405473044351421e+07	  -1.3666146038999461e+13	   2.4593966000000000e+11	
   1.7465473044351421e+07	  -1.3239120942475395e+13	   2.4799492000000000e+11	
   1.7525473044351421e+07	  -1.2210679712581746e+13	   2.5380645000000000e+11	
   1.7585473044351421e+07	  -1.2583054098477389e+13	   2.5006628000000000e+11	
   1.7645473044351421e+07	  -1.2525352288439969e+13	   2.5020015000000000e+11	
   1.7705473044351421e+07	  -1.2398103512924330e+13	   2.5030062000000000e+11	
   1.7765473044351421e+07	  -1.2271456038932980e+13	   2.4665248000000000e+11	
   1.7825473044351421e+07	  -1.2331115248068537e+13	   2.4669451500000000e+11	
   1.7885473044351421e+07	  -1.1894805137614061e+13	   2.4872791000000000e+11	
   1.7945473044351421e+07	  -1.1731262258545342e+13	   2.4879267500000000e+11	
   1.8005473044351421e+07	  -1.1244193748517197e+13	   2.5087184000000000e+11	
   1.8065473044351421e+07	  -1.1109065294773010e+13	   2.5092280500000000e+11	
   1.8125473044351421e+07	  -1.0351241147657400e+13	   2.5296180500000000e+11	
   1.8185473044351421e+07	  -1.0066659474892230e+13	   2.5496087000000000e+11	
   1.8245473044351421e+07	  -9.2072252345407383e+12	   2.5693516500000000e+11	
   1.8305473044351421e+07	  -9.5244388918305918e+12	   2.5515143000000000e+11	
   1.8365473044351421e+07	  -9.6258907123715312e+12	   2.5333333000000000e+11	
   1.8425473044351421e+07	  -9.5041415576273594e+12	   2.5341026500000000e+11	
   1.8485473044351421e+07	  -9.3026318899640176e+12	   2.5349373000000000e+11	
   1.8545473044351421e+07	  -9.2725244695318320e+12	   2.5358016000000000e+11	
   1.8605473044351421e+07	  -9.0883317597681426e+12	   2.5362365500000000e+11	
   1.8665473044351421e+07	  -9.0286314239969746e+12	   2.5371515500000000e+11	
   1.8725473044351421e+07	  -8.4947230427013730e+12	   2.5570919000000000e+11	
   1.8785473044351421e+07	  -8.3530682815899883e+12	   2.5764581500000000e+11	
   1.8845473044351421e+07	  -8.5834640067273936e+12	   2.5583304500000000e+11	
   1.8905473044351421e+07	  -8.8811844717559805e+12	   2.5210084500000000e+11	
   1.8965473044351421e+07	  -9.3067275179699727e+12	   2.5022438000000000e+11	
   1.9025473044351421e+07	  -9.6837077188360742e+12	   2.4838120500000000e+11	
   1.9085473044351421e+07	  -9.0613823323598535e+12	   2.5223421000000000e+11	
   1.9145473044351421e+07	  -9.6425859883167031e+12	   2.5034280000000000e+11	
   1.9205473044351421e+07	  -1.0140912528100508e+13	   2.4650057000000000e+11	
   1.9265473044351421e+07	  -9.3718620006758750e+12	   2.5028176500000000e+11	
   1.9325473044351421e+07	  -1.0535339973644781e+13	   2.4449576500000000e+11	
   1.9385473044351421e+07	  -1.0032803335941791e+13	   2.4440376000000000e+11	
   1.9445473044351421e+07	  -8.7584880362192305e+12	   2.5006803000000000e+11	
   1.9505473044351421e+07	  -9.6483644625163125e+12	   2.4042282500000000e+11	
   1.9565473044351421e+07	  -9.4373668364577031e+12	   2.4029815500000000e+11	
   1.9625473044351421e+07	  -8.2219105876140537e+12	   2.4596139000000000e+11	
   1.9685473044351421e+07	  -9.2468944345504004e+12	   2.3816535500000000e+11	
   1.9745473044351421e+07	  -9.4742252015269688e+12	   2.3420861500000000e+11	
   1.9805473044351421e+07	   2.7897549949847867e+13	   1.7802575500000000e+11	
   1.9865473044351421e+07	   2.6940400437924090e+13	   1.7217178000000000e+11	
   1.9925473044351421e+07	   2.6805715066685422e+13	   1.7012191500000000e+11	
   1.9985473044351421e+07	   2.7229285965959402e+13	   1.7191215000000000e+11	
   2.0045473044351421e+07	   2.6740986340386984e+13	   1.6800881500000000e+11	
   2.0105473044351421e+07	   2.6897910023983855e+13	   1.6791314500000000e+11	
   2.0165473044351421e+07	   2.6693017787359863e+13	   1.6595648500000000e+11	
   2.0225473044351421e+07	   2.6418039301325500e+13	   1.6398515000000000e+11	
   2.0285473044351421e+07	   2.6682979032743805e+13	   1.6391468000000000e+11	
   2.0345473044351421e+07	   2.6526403089620062e+13	   1.6194811000000000e+11	
   2.0405473044351421e+07	   2.7125291812611383e+13	   1.6378304500000000e+11	
   2.0465473044351421e+07	   2.6340679865422348e+13	   1.5992238000000000e+11	
   2.0525473044351421e+07	   2.6837155469416957e+13	   1.5985808000000000e+11	
   2.0585473044351421e+07	   2.7008466313460980e+13	   1.5980775000000000e+11	
   2.0645473044351421e+07	   2.6497605531065824e+13	   1.5594212000000000e+11	
   2.0705473044351421e+07	   2.7896032456954094e+13	   1.5967488000000000e+11	
   2.0765473044351421e+07	   2.7277010239571594e+13	   1.5582491500000000e+11	
   2.0825473044351421e+07	   2.8164392116508672e+13	   1.5766964500000000e+11	
   2.0885473044351421e+07	   2.7329206262167965e+13	   1.5383068000000000e+11	
   2.0944335072136659e+07	   2.7680877900436430e+13	   1.5377764500000000e+11	
   2.1004129091223266e+07	   2.7943888120946223e+13	   1.5371084500000000e+11	
   2.1064094011180967e+07	   2.7803505116772137e+13	   1.5177541000000000e+11	
   2.1124046382213786e+07	   2.7672209011346250e+13	   1.4982684500000000e+11	
   2.1183418679961976e+07	   2.7917984058183203e+13	   1.4978171000000000e+11	
   2.1242627107878312e+07	   2.8449055278933691e+13	   1.4974511000000000e+11	
   2.1302556766487617e+07	   2.8194971621819926e+13	   1.4779274000000000e+11	
   2.1362009304546423e+07	   2.8621211513758602e+13	   1.4775694500000000e+11	
   2.1421724164626401e+07	   2.8980416185935531e+13	   1.4770801000000000e+11	
   2.1478869183750447e+07	   2.8659660416704113e+13	   1.4577667500000000e+11	
   2.1535063883223768e+07	   2.8992078274410539e+13	   1.4573984000000000e+11	
   2.1594975681877140e+07	   2.8475329068524086e+13	   1.4380814500000000e+11	
   2.1654169091464024e+07	   2.8237417523744484e+13	   1.4187274000000000e+11	
   2.1710131757420450e+07	   2.8464451380269059e+13	   1.4184371000000000e+11	
   2.1766509228126414e+07	   2.9611934665519887e+13	   1.4370027500000000e+11	
   2.1826509228126414e+07	   2.9114933581229797e+13	   1.4177294000000000e+11	
   2.1885520880290955e+07	   3.0372999050739031e+13	   1.4362027500000000e+11	
   2.1944363943390761e+07	   3.2310518017304230e+13	   1.4735937500000000e+11	
   2.2003911805988088e+07	   2.9325525625891055e+13	   1.3976774500000000e+11	
   2.2063465227027401e+07	   3.0595416254499008e+13	   1.4163304500000000e+11	
   2.2122514148038205e+07	   3.0807542968235562e+13	   1.4159224500000000e+11	
   2.2181626464768924e+07	   2.9406835169676629e+13	   1.3778778000000000e+11	
   2.2240193621548578e+07	   3.0675649162784789e+13	   1.3963288000000000e+11	
   2.2295537971839618e+07	   3.0244199548044207e+13	   1.3772511500000000e+11	
   2.2352068257949453e+07	   3.1276038932620180e+13	   1.3958051000000000e+11	
   2.2411819467460871e+07	   2.9779405401156633e+13	   1.3576441500000000e+11	
   2.2471762663716074e+07	   3.0888636976548945e+13	   1.3762551000000000e+11	
   2.2531363373037186e+07	   3.0388220504580879e+13	   1.3569911000000000e+11	
   2.2591162966328472e+07	   3.0691336574681547e+13	   1.3566634500000000e+11	
   2.2650200993404910e+07	   3.0946895379316891e+13	   1.3563471000000000e+11	
   2.2706950864316426e+07	   3.1158807284241090e+13	   1.3562194000000000e+11	
   2.2766950864316426e+07	   3.0698015892799980e+13	   1.3369127500000000e+11	
   2.2826696860016491e+07	   3.1918271133599285e+13	   1.3555217500000000e+11	
   2.2884492568899829e+07	   3.2259776367181609e+13	   1.3552414000000000e+11	
   2.2941896432867371e+07	   3.1482794621620352e+13	   1.3360654000000000e+11	
   2.3000475044826657e+07	   3.1977086864726098e+13	   1.3357087000000000e+11	
   2.3057988962524183e+07	   3.2163992951114609e+13	   1.3353691000000000e+11	
   2.3114578540878825e+07	   3.2362242964584309e+13	   1.3352181000000000e+11	
   2.3172297531582035e+07	   3.2507819851756238e+13	   1.3346904000000000e+11	
   2.3228498194072034e+07	   3.2003990737732406e+13	   1.3155791000000000e+11	
   2.3287009206519566e+07	   3.2238404557894957e+13	   1.3153114000000000e+11	
   2.3346925704722598e+07	   3.1491553452791703e+13	   1.2961488000000000e+11	
   2.3405494473637596e+07	   3.1709019465972809e+13	   1.2958531000000000e+11	
   2.3457707771733630e+07	   3.1993820261623824e+13	   1.2955244000000000e+11	
   2.3513913408302795e+07	   3.2131697181849688e+13	   1.2952637500000000e+11	
   2.3569537911991600e+07	   3.1393371351819098e+13	   1.2760997500000000e+11	
   2.3624295150917850e+07	   3.1633503039827641e+13	   1.2758214000000000e+11	
   2.3679474127152290e+07	   3.1870696304036340e+13	   1.2755750500000000e+11	
   2.3733433050712544e+07	   3.1080195385273934e+13	   1.2565244000000000e+11	
   2.3793129636775706e+07	   3.2288719220450480e+13	   1.2749887500000000e+11	
   2.3852789381365735e+07	   3.1778533038562922e+13	   1.2558017500000000e+11	
   2.3912421853172816e+07	   3.0972805960230645e+13	   1.2366681000000000e+11	
   2.3968519580174074e+07	   3.2089421048924098e+13	   1.2552707000000000e+11	
   2.4028519580174074e+07	   3.1663666029231438e+13	   1.2360041000000000e+11	
   2.4086172080804616e+07	   3.0191097448834441e+13	   1.1979781000000000e+11	
   2.4143353559071049e+07	   3.0886403153194348e+13	   1.2166247000000000e+11	
   2.4201570987203382e+07	   3.1148416331925730e+13	   1.2163860500000000e+11	
   2.4261151096866336e+07	   3.2499110849928996e+13	   1.2347737500000000e+11	
   2.4321089566187516e+07	   3.1703852268805453e+13	   1.2155294000000000e+11	
   2.4380310135891251e+07	   2.9928128869131250e+13	   1.1775101000000000e+11	
   2.4439582408908516e+07	   3.1112853760876016e+13	   1.1961438000000000e+11	
   2.4498162164551403e+07	   3.1341678504591141e+13	   1.1958314500000000e+11	
   2.4556561207966540e+07	   3.0637042608458254e+13	   1.1766304500000000e+11	
   2.4615699277091231e+07	   3.0527181889054062e+13	   1.1763898000000000e+11	
   2.4675280576552697e+07	   3.0260680450711914e+13	   1.1569897500000000e+11	
   2.4735218578102358e+07	   3.0203020819215844e+13	   1.1567824000000000e+11	
   2.4795035129413202e+07	   2.9452701625073055e+13	   1.1377011000000000e+11	
   2.4855035129413202e+07	   2.9216179124212172e+13	   1.1183707500000000e+11	
   2.4915021365940064e+07	   3.0022223069614211e+13	   1.1369451500000000e+11	
   2.4974998612288505e+07	   2.9266187826512164e+13	   1.1177861000000000e+11	
   2.5033874577724624e+07	   2.9565871957227492e+13	   1.1173707500000000e+11	
   2.5093874577724624e+07	   3.0641008263190879e+13	   1.1361001500000000e+11	
   2.5152988759059753e+07	   2.9070546582195797e+13	   1.0980591000000000e+11	
   2.5212988759059753e+07	   2.9463359264616004e+13	   1.0975804500000000e+11	
   2.5271807456357125e+07	   3.0400030534234230e+13	   1.1161604500000000e+11	
   2.5331807456357125e+07	   2.8873722207863883e+13	   1.0780888000000000e+11	
   2.5391807456357125e+07	   2.8532896179632242e+13	   1.0583928000000000e+11	
   2.5451578578580014e+07	   3.0057766886496316e+13	   1.0960821500000000e+11	
   2.5509585963340264e+07	   2.8647948029566230e+13	   1.0579504500000000e+11	
   2.5568650754872568e+07	   2.8184851526530805e+13	   1.0384531500000000e+11	
   2.5626591913225867e+07	   2.9756769309877945e+13	   1.0761598500000000e+11	
   2.5684859298924420e+07	   2.8303249576785625e+13	   1.0380318000000000e+11	
   2.5744738865768567e+07	   2.7971495359506145e+13	   1.0186258000000000e+11	
   2.5804667740806747e+07	   2.8810102999408320e+13	   1.0375551500000000e+11	
   2.5864105562627435e+07	   2.8265983570480398e+13	   1.0182801500000000e+11	
   2.5922235992077287e+07	   2.8547463342779332e+13	   1.0177368500000000e+11	
   2.5982235992077287e+07	   2.7953759845212512e+13	   9.9850020000000000e+10	
   2.6041918035134554e+07	   2.8158211973621523e+13	   9.9823520000000000e+10	
   2.6100196390295643e+07	   2.8442303336191332e+13	   9.9786255000000000e+10	
   2.6157458138187267e+07	   2.7738452801650074e+13	   9.7871555000000000e+10	
   2.6216205781235080e+07	   2.8653341053700156e+13	   9.9717585000000000e+10	
   2.6276205781235080e+07	   2.8363295003776641e+13	   9.7784185000000000e+10	
   2.6336205781235080e+07	   2.7729743827306383e+13	   9.5836520000000000e+10	
   2.6396119090893261e+07	   2.8621925360710738e+13	   9.7710855000000000e+10	
   2.6455642838652261e+07	   2.7503885169193965e+13	   9.3863190000000000e+10	
   2.6515567714936890e+07	   2.7642721143947250e+13	   9.3852225000000000e+10	
   2.6574092153810404e+07	   2.8579251262506152e+13	   9.5695190000000000e+10	
   2.6632623888225187e+07	   2.6781325424879816e+13	   8.9957620000000000e+10	
   2.6691417858065102e+07	   2.7589793432771285e+13	   9.1841620000000000e+10	
   2.6751417858065102e+07	   2.7873635618999730e+13	   9.1806320000000000e+10	
   2.6810857502868447e+07	   2.7219446650727988e+13	   8.9880190000000000e+10	
   2.6870389590372648e+07	   2.8163149063217113e+13	   9.1733625000000000e+10	
   2.6930348850056607e+07	   2.6380732537454355e+13	   8.5988355000000000e+10	
   2.6989697355395522e+07	   2.7233463518595078e+13	   8.7859785000000000e+10	
   2.7048233923052888e+07	   2.7970898069091461e+13	   8.9740920000000000e+10	
   2.7107655099878043e+07	   2.6265193812784672e+13	   8.4000455000000000e+10	
   2.7167230887650795e+07	   2.7580733327904238e+13	   8.7781620000000000e+10	
   2.7226433564730372e+07	   2.6538168217324965e+13	   8.3910420000000000e+10	
   2.7283769204010420e+07	   2.6556306618944484e+13	   8.3855930000000000e+10	
   2.7343333457080279e+07	   2.7457331821970316e+13	   8.5728335000000000e+10	
   2.7403091284624718e+07	   2.6208516534693812e+13	   8.1891635000000000e+10	
   2.7463079012555193e+07	   2.7025449210103664e+13	   8.3777770000000000e+10	
   2.7521131480336953e+07	   2.5777895832493090e+13	   7.9920940000000000e+10	
   2.7580881964185234e+07	   2.6591485612226102e+13	   8.1809675000000000e+10	
   2.7639415710840277e+07	   2.6739274110974523e+13	   8.1745905000000000e+10	
   2.7699392788257360e+07	   2.6124811246768129e+13	   7.9814375000000000e+10	
   2.7759127144591015e+07	   2.5546596566042234e+13	   7.7875305000000000e+10	
   2.7818571408709329e+07	   2.6372010291663453e+13	   7.9749140000000000e+10	
   2.7878440271198105e+07	   2.5146510739097172e+13	   7.5911475000000000e+10	
   2.7938185411818661e+07	   2.5909790581051438e+13	   7.7791510000000000e+10	
   2.7992807293852229e+07	   2.5292037199425055e+13	   7.5818940000000000e+10	
   2.8051813554440901e+07	   2.5347231768652602e+13	   7.5789610000000000e+10	
   2.8110594590324428e+07	   2.4682046639681559e+13	   7.3850275000000000e+10	
   2.8170204257464368e+07	   2.4150651394989977e+13	   7.1912045000000000e+10	
   2.8229135155315958e+07	   2.4897973004402887e+13	   7.3760315000000000e+10	
   2.8285959878652666e+07	   2.3584517271546086e+13	   6.9945945000000000e+10	
   2.8344936846319787e+07	   2.4378333217838879e+13	   7.1800685000000000e+10	
   2.8403529614210919e+07	   2.3040655726276527e+13	   6.7947785000000000e+10	
   2.8461614573945839e+07	   2.3852590773783621e+13	   6.9833585000000000e+10	
   2.8519788904419918e+07	   2.3231523297117500e+13	   6.7888185000000000e+10	
   2.8579196179500937e+07	   2.3273360467498516e+13	   6.7868020000000000e+10	
   2.8637087546751097e+07	   2.3322753538919758e+13	   6.7837255000000000e+10	
   2.8693701913668275e+07	   2.1241883020700922e+13	   6.2090215000000000e+10	
   2.8753208695672926e+07	   2.2740865207888203e+13	   6.5885485000000000e+10	
   2.8812444222379062e+07	   2.1352884473662234e+13	   6.2010680000000000e+10	
   2.8871754998213634e+07	   2.2143722391355605e+13	   6.3898580000000000e+10	
   2.8929296370133035e+07	   2.2221905688475398e+13	   6.3862885000000000e+10	
   2.8988979564072419e+07	   2.0713920238590707e+13	   6.0022650000000000e+10	
   2.9048555824933495e+07	   2.1500647963066938e+13	   6.1873550000000000e+10	
   2.9106657286729202e+07	   1.9996644853985992e+13	   5.8045785000000000e+10	
   2.9166150369095001e+07	   2.0802769963353039e+13	   5.9922985000000000e+10	
   2.9223176083732639e+07	   2.0047626600365230e+13	   5.7996650000000000e+10	
   2.9281140171690617e+07	   2.0151174392213340e+13	   5.7975350000000000e+10	
   2.9336253985166788e+07	   2.0132857387683250e+13	   5.7960250000000000e+10	
   2.9393306307796534e+07	   1.8638851844117543e+13	   5.4122415000000000e+10	
   2.9452773052122384e+07	   1.9454052885964863e+13	   5.6003150000000000e+10	
   2.9511991355191059e+07	   1.9478611594648926e+13	   5.5953260000000000e+10	
   2.9571830123197913e+07	   1.7958444577961582e+13	   5.2121425000000000e+10	
   2.9631587960030559e+07	   1.8783114105407418e+13	   5.3974030000000000e+10	
   2.9691351431512274e+07	   1.8029854230081715e+13	   5.2049995000000000e+10	
   2.9746478497031897e+07	   1.8079587779881793e+13	   5.2038030000000000e+10	
   2.9800860368247483e+07	   1.8122606451284414e+13	   5.2019330000000000e+10	
   2.9854582621720258e+07	   1.6553704846985301e+13	   4.8197430000000000e+10	
   2.9913488057872761e+07	   1.7391793012544102e+13	   5.0081000000000000e+10	
   2.9973488057872761e+07	   1.5798411352567895e+13	   4.6252000000000000e+10	
   3.0032817553982865e+07	   1.5812707560602363e+13	   4.6241000000000000e+10	
   3.0092643973863196e+07	   1.6662078519676078e+13	   4.8120835000000000e+10	
   3.0152370695207555e+07	   1.5063782047233992e+13	   4.4304235000000000e+10	
   3.0211651899677835e+07	   1.5104511265593781e+13	   4.4282265000000000e+10	
   3.0271306899911776e+07	   1.5928175306759246e+13	   4.6170000000000000e+10	
   3.0329630540322699e+07	   1.4362171869832770e+13	   4.2343435000000000e+10	
   3.0389174000994276e+07	   1.4392769363552301e+13	   4.2331965000000000e+10	
   3.0448789204701204e+07	   1.5202285838753871e+13	   4.4227500000000000e+10	
   3.0508667861236915e+07	   1.3668664762224113e+13	   4.0398075000000000e+10	
   3.0567985300179541e+07	   1.3676614016587818e+13	   4.0384670000000000e+10	
   3.0627142982145257e+07	   1.4493398832442764e+13	   4.2273605000000000e+10	
   3.0680704863688480e+07	   1.3765202024476184e+13	   4.0357200000000000e+10	
   3.0738618598308358e+07	   1.2962426471704896e+13	   3.8445305000000000e+10	
   3.0794490416136906e+07	   1.3748629485460465e+13	   4.0311070000000000e+10	
   3.0852141933026817e+07	   1.3756522758625107e+13	   4.0293070000000000e+10	
   3.0909048217620458e+07	   1.2301286917155713e+13	   3.6467705000000000e+10	
   3.0966929010544408e+07	   1.2313198545615709e+13	   3.6454705000000000e+10	
   3.1023752529818714e+07	   1.3065089129151100e+13	   3.8310170000000000e+10	
   3.1083752529818714e+07	   1.1617480533851445e+13	   3.4481705000000000e+10	
   3.1142751236482818e+07	   1.1636960465080744e+13	   3.4468775000000000e+10	
   3.1202523232720163e+07	   1.2365065630834242e+13	   3.6358340000000000e+10	
   3.1262250905060839e+07	   1.0887886546705125e+13	   3.2536070000000000e+10	
   3.1321889607017290e+07	   1.0884112504477217e+13	   3.2515905000000000e+10	
   3.1381136627716143e+07	   1.1618964272929580e+13	   3.4410405000000000e+10	
   3.1440522608965576e+07	   1.0824313377557459e+13	   3.2493305000000000e+10	
   3.1500038215789661e+07	   1.0073689304429400e+13	   3.0580375000000000e+10	
   3.1559782259966683e+07	   1.0089392426372975e+13	   3.0563610000000000e+10	
   3.1619370164145257e+07	   9.2521619116702461e+12	   2.8648345000000000e+10	
   3.1679180993425336e+07	   9.2694904690223926e+12	   2.8632775000000000e+10	
   3.1738464852541614e+07	   9.2818813679283301e+12	   2.8615945000000000e+10	
   3.1798344718254428e+07	   8.4017151283959062e+12	   2.6697045000000000e+10	
   3.1858006897897601e+07	   8.3980390726354463e+12	   2.6685945000000000e+10	
   3.1917790895782322e+07	   8.4186974779832178e+12	   2.6665180000000000e+10	
   3.1977268864051227e+07	   7.4580598900955010e+12	   2.4746145000000000e+10	
   3.2036940070347801e+07	   7.4536168019871836e+12	   2.4735780000000000e+10	
   3.2096638227880254e+07	   7.4491006584886494e+12	   2.4719215000000000e+10	
   3.2156487235958677e+07	   6.4402298442253516e+12	   2.2807015000000000e+10	
   3.2214627331940517e+07	   6.4173689897961777e+12	   2.2792615000000000e+10	
   3.2274460425595783e+07	   6.4170872841515811e+12	   2.2778650000000000e+10	
   3.2332943951566588e+07	   5.3300738237832832e+12	   2.0856280000000000e+10	
   3.2390380896828461e+07	   5.3364734448042871e+12	   2.0845115000000000e+10	
   3.2449698790164512e+07	   5.3071004109440039e+12	   2.0837615000000000e+10	
   3.2509491506518748e+07	   4.2325884876104536e+12	   1.8916785000000000e+10	
   3.2566639095305394e+07	   4.2369912315258818e+12	   1.8898015000000000e+10	
   3.2621490371352255e+07	   4.2198376718711636e+12	   1.8889550000000000e+10	
   3.2680965011162907e+07	   4.2210653423843003e+12	   1.8838820000000000e+10	
   3.2740965011162907e+07	   4.2262107194641221e+12	   1.8827085000000000e+10	
   3.2800965011162907e+07	   3.1653645539084199e+12	   1.6905150000000000e+10	
   3.2860937295838967e+07	   3.1570467425440513e+12	   1.6864870000000000e+10	
   3.2920571411281735e+07	   3.1462101335314385e+12	   1.6857305000000000e+10	
   3.2980288997623987e+07	   2.1029889015935808e+12	   1.4936040000000000e+10	
   3.3038241789414611e+07	   2.0988231643073274e+12	   1.4919675000000000e+10	
   3.3095632066769771e+07	   2.0704872952512375e+12	   1.4904910000000000e+10	
   3.3151084015873056e+07	   9.8021763345589636e+11	   1.2979110000000000e+10	
   3.3206558078280274e+07	   9.6923843669133875e+11	   1.2966775000000000e+10	
   3.3262700395779252e+07	   9.4796878343222620e+11	   1.2958110000000000e+10	
   3.3317848145460352e+07	  -9.7248532716474228e+10	   1.1030210000000000e+10	
   3.3377801594556842e+07	  -1.1806329946970509e+11	   1.1019575000000000e+10	
   3.3434056745773543e+07	  -1.3300340958033459e+11	   1.1011175000000000e+10	
   3.3493810816063952e+07	  -1.5121271370440268e+11	   1.0995975000000000e+10	
   3.3551674865782671e+07	  -1.6869096791037451e+11	   1.0976075000000000e+10	
   3.3607288231379464e+07	  -1.8300020332929150e+11	   1.0964140000000000e+10	
   3.3665714592920534e+07	  -2.0136378368496661e+11	   1.0947275000000000e+10	
   3.3725238838113733e+07	  -2.2437907493814639e+11	   1.0933010000000000e+10	
   3.3783423188462980e+07	  -2.3262319652279550e+11	   1.0886610000000000e+10	
   3.3843423188462980e+07	  -2.4632361577941266e+11	   1.0870610000000000e+10	
   3.3902968934429653e+07	  -2.7139121885543030e+11	   1.0858510000000000e+10	
   3.3958509365924671e+07	  -2.9194004962851093e+11	   1.0839515000000000e+10	
   3.4017203627064198e+07	  -3.0382384092685565e+11	   1.0828645000000000e+10	
   3.4072868214017674e+07	  -3.2212781204389349e+11	   1.0814975000000000e+10	
   3.4132514815736309e+07	  -3.4155481539156708e+11	   1.0797345000000000e+10	
   3.4191912157886960e+07	  -3.6084551024877820e+11	   1.0783145000000000e+10	
   3.4249598078862235e+07	  -3.8293368593244696e+11	   1.0768215000000000e+10	
   3.4305807087933846e+07	  -3.9611941841391473e+11	   1.0751880000000000e+10	
   3.4363637768999450e+07	  -4.0803288936739478e+11	   1.0742615000000000e+10	
   3.4421647105697572e+07	  -4.3197515085908258e+11	   1.0724145000000000e+10	
   3.4479177294905782e+07	  -4.4370351854191144e+11	   1.0709645000000000e+10	
   3.4531926583555833e+07	  -4.5608674440519641e+11	   1.0697445000000000e+10	
   3.4589431636986271e+07	  -4.8036476384600305e+11	   1.0681045000000000e+10	
   3.4649328179836869e+07	  -5.0075077405609393e+11	   1.0671945000000000e+10	
   3.4707191809947483e+07	  -5.1932828904427881e+11	   1.0635860000000000e+10	
   3.4758797912786588e+07	  -5.3316610940476721e+11	   1.0622460000000000e+10	
   3.4814489438153625e+07	  -5.5406657663452039e+11	   1.0622715000000000e+10	
   3.4867665811661966e+07	  -5.7870259060224585e+11	   1.0590760000000000e+10	
   3.4918463961944290e+07	  -5.8027205113257886e+11	   1.0580760000000000e+10	
   3.4973839841756418e+07	  -6.0259742494542871e+11	   1.0564495000000000e+10	
   3.5030942431659296e+07	  -6.2595781126363513e+11	   1.0545830000000000e+10	
   3.5090694188533127e+07	  -6.4078154076645886e+11	   1.0537530000000000e+10	
   3.5150095094931565e+07	  -6.6819802928126917e+11	   1.0523095000000000e+10	
   3.5208743841141336e+07	  -6.8066053458152478e+11	   1.0503560000000000e+10	
   3.5268470898347966e+07	  -6.9914473805287305e+11	   1.0492330000000000e+10	
   3.5324594519217730e+07	  -7.1667929979555737e+11	   1.0470295000000000e+10	
   3.5382719884718567e+07	  -7.3185081016740552e+11	   1.0461995000000000e+10	
   3.5441736525742106e+07	  -7.5844095213872510e+11	   1.0442495000000000e+10	
   3.5500035925374441e+07	  -7.7267740139935034e+11	   1.0428595000000000e+10	
   3.5557697105984874e+07	  -7.8559439806206409e+11	   1.0414065000000000e+10	
   3.5614651171599239e+07	  -7.9978686317659778e+11	   1.0403630000000000e+10	
   3.5672474437347755e+07	  -8.1962515656309094e+11	   1.0383065000000000e+10	
   3.5729304081884958e+07	  -8.3506279396600085e+11	   1.0369230000000000e+10	
   3.5788499518380135e+07	  -8.5059722105892871e+11	   1.0348230000000000e+10	
   3.5844662310442865e+07	  -8.7089430739569055e+11	   1.0334730000000000e+10	
   3.5902535008300431e+07	  -8.8666592600752014e+11	   1.0319765000000000e+10	
   3.5960115775436878e+07	  -8.9520618890443884e+11	   1.0278900000000000e+10	
   3.6013997973989196e+07	  -9.2284468939042041e+11	   1.0259235000000000e+10	
   3.6070174406101547e+07	  -9.2162925595933484e+11	   1.0242235000000000e+10	
   3.6124319629853889e+07	  -9.4923069895073364e+11	   1.0225435000000000e+10	
   3.6180613418476067e+07	  -9.6701347927442139e+11	   1.0214770000000000e+10	
   3.6239376022716872e+07	  -9.8588924037510547e+11	   1.0187935000000000e+10	
   3.6289591049352758e+07	  -9.8692096769498560e+11	   1.0179135000000000e+10	
   3.6346893907870948e+07	  -1.0104295950854445e+12	   1.0170835000000000e+10	
   3.6406107255462222e+07	  -1.0298244990959292e+12	   1.0148470000000000e+10	
   3.6461321655947819e+07	  -1.0395821590199432e+12	   1.0128400000000000e+10	
   3.6518257857903376e+07	  -1.0508250640977795e+12	   1.0122300000000000e+10	
   3.6574821624323256e+07	  -1.0720773478997920e+12	   1.0098300000000000e+10	
   3.6632372279034287e+07	  -1.0906467012529979e+12	   1.0087835000000000e+10	
   3.6691175717111826e+07	  -1.1046638221306226e+12	   1.0073570000000000e+10	
   3.6749145191635288e+07	  -1.1179777137882788e+12	   1.0054105000000000e+10	
   3.6806879486610167e+07	  -1.1462309188732739e+12	   1.0026405000000000e+10	
   3.6864708523357525e+07	  -1.1605519956564790e+12	   1.0010670000000000e+10	
   3.6924431881292582e+07	  -1.1683845283765933e+12	   9.9963400000000000e+09	
   3.6983555402913228e+07	  -1.1834641678589971e+12	   9.9741050000000000e+09	
   3.7041270513035014e+07	  -1.2029279603920864e+12	   9.9597700000000000e+09	
   3.7097527284656107e+07	  -1.2189609617083108e+12	   9.9443700000000000e+09	
   3.7157139968776628e+07	  -1.2291005962167214e+12	   9.9275700000000000e+09	
   3.7215348891080938e+07	  -1.2528840127443738e+12	   9.9107700000000000e+09	
   3.7266419157160737e+07	  -1.2624833917057942e+12	   9.8938050000000000e+09	
   3.7323796471141413e+07	  -1.2760451283030002e+12	   9.8786700000000000e+09	
   3.7374605468349569e+07	  -1.2916500170171167e+12	   9.8593050000000000e+09	
   3.7428010325929672e+07	  -1.3164778157116807e+12	   9.8523050000000000e+09	
   3.7476459037453130e+07	  -1.3218409964200908e+12	   9.8431750000000000e+09	
   3.7525650592521638e+07	  -1.3371109887468254e+12	   9.8234050000000000e+09	
   3.7582482210022822e+07	  -1.3502692304502083e+12	   9.8144050000000000e+09	
   3.7638784263130680e+07	  -1.3636986057555100e+12	   9.7928750000000000e+09	
   3.7694036111460879e+07	  -1.3725557733012278e+12	   9.7813750000000000e+09	
   3.7748438915490434e+07	  -1.3909461826390100e+12	   9.7699750000000000e+09	
   3.7803694465931781e+07	  -1.4042126184302095e+12	   9.7573400000000000e+09	
   3.7859430616209961e+07	  -1.4166201180693740e+12	   9.7393400000000000e+09	
   3.7916685388339780e+07	  -1.4126067547885408e+12	   9.7191100000000000e+09	
   3.7973280715535417e+07	  -1.4156822049036936e+12	   9.7077750000000000e+09	
   3.8026835787579641e+07	  -1.4309471130932310e+12	   9.6946750000000000e+09	
   3.8078895361773893e+07	  -1.4432213912917183e+12	   9.6831750000000000e+09	
   3.8134047573279738e+07	  -1.4447640087775667e+12	   9.6671750000000000e+09	
   3.8192135653831400e+07	  -1.4455600927273748e+12	   9.6499750000000000e+09	
   3.8244868379534490e+07	  -1.4523329999377949e+12	   9.6339400000000000e+09	
   3.8302742219746582e+07	  -1.4698498885619126e+12	   9.6187100000000000e+09	
   3.8361557977120161e+07	  -1.4682493192324207e+12	   9.6043750000000000e+09	
   3.8416869427738525e+07	  -1.4819677683978884e+12	   9.5946750000000000e+09	
   3.8472962371389702e+07	  -1.4841824274279348e+12	   9.5763450000000000e+09	
   3.8519387917337701e+07	  -1.4873680411420715e+12	   9.5713100000000000e+09	
   3.8576304911925651e+07	  -1.5026221119793306e+12	   9.5558750000000000e+09	
   3.8622544507081300e+07	  -1.5009238354492024e+12	   9.5453400000000000e+09	
   3.8676054848017305e+07	  -1.5043422571899514e+12	   9.5342050000000000e+09	
   3.8731667759311788e+07	  -1.5163739212299651e+12	   9.5258700000000000e+09	
   3.8786650253704153e+07	  -1.5073198601935010e+12	   9.5040400000000000e+09	
   3.8835409645069875e+07	  -1.5096236921937004e+12	   9.4936050000000000e+09	
   3.8889409550198875e+07	  -1.5227745804740061e+12	   9.4846750000000000e+09	
   3.8943693767374299e+07	  -1.5202118843491367e+12	   9.4721400000000000e+09	
   3.8994829558584057e+07	  -1.5259336556787185e+12	   9.4506250000000000e+09	
   3.9048145282439590e+07	  -1.5257235450864915e+12	   9.4297250000000000e+09	
   3.9107566382657312e+07	  -1.5324203145552366e+12	   9.4309450000000000e+09	
   3.9166158844261765e+07	  -1.5292323092804211e+12	   9.3940100000000000e+09	
   3.9221735031800330e+07	  -1.5302046420083560e+12	   9.3804750000000000e+09	
   3.9276425596530199e+07	  -1.5300342224517695e+12	   9.3931400000000000e+09	
   3.9333295751767926e+07	  -1.5333734305554661e+12	   9.3655250000000000e+09	
   3.9384928256945774e+07	  -1.5342660760793835e+12	   9.3366550000000000e+09	
   3.9436332388665147e+07	  -1.5311958704284250e+12	   9.3223900000000000e+09	
   3.9485240287675887e+07	  -1.5361597526172627e+12	   9.3129250000000000e+09	
   3.9538609185238093e+07	  -1.5369945133535381e+12	   9.3018250000000000e+09	
   3.9596923950574681e+07	  -1.5357192403490046e+12	   9.2840900000000000e+09	
   3.9651678718507901e+07	  -1.5380471034272163e+12	   9.2752250000000000e+09	
   3.9708040141100116e+07	  -1.5347095984023164e+12	   9.2626600000000000e+09	
   3.9765317338616461e+07	  -1.5449973181715042e+12	   9.2578950000000000e+09	
   3.9823754500490330e+07	  -1.5452680172776995e+12	   9.2373950000000000e+09	
   3.9881039386757001e+07	  -1.5396402760103049e+12	   9.2269300000000000e+09	
   3.9939735613049500e+07	  -1.5377611208576602e+12	   9.2202600000000000e+09	
   3.9995736468754098e+07	  -1.5421114358826626e+12	   9.2107600000000000e+09	
   4.0051464135566644e+07	  -1.5459097307596609e+12	   9.2004950000000000e+09	
   4.0107568051327266e+07	  -1.5447466612141812e+12	   9.1878950000000000e+09	
   4.0165299168946795e+07	  -1.5370610281658123e+12	   9.1723950000000000e+09	
   4.0219069347481951e+07	  -1.5407348808559441e+12	   9.1638950000000000e+09	
   4.0275995827568635e+07	  -1.5400753984693027e+12	   9.1505600000000000e+09	
   4.0331910791973509e+07	  -1.5473757918897363e+12	   9.1433950000000000e+09	
   4.0387798514357112e+07	  -1.5475744826300063e+12	   9.1330600000000000e+09	
   4.0445109734970868e+07	  -1.5350508347248291e+12	   9.1231950000000000e+09	
   4.0498598436765343e+07	  -1.5402913724646860e+12	   9.1104300000000000e+09	
   4.0555451844564438e+07	  -1.5358447311189014e+12	   9.1035950000000000e+09	
   4.0611967644937687e+07	  -1.5306956697460696e+12	   9.0968300000000000e+09	
   4.0671064300409026e+07	  -1.5277228363591418e+12	   9.0809300000000000e+09	
   4.0728383420914888e+07	  -1.5242555723893528e+12	   9.0672600000000000e+09	
   4.0778926763526544e+07	  -1.5267429993845815e+12	   9.0606250000000000e+09	
   4.0827484975684136e+07	  -1.5230738550959270e+12	   9.0550600000000000e+09	
   4.0881942182759196e+07	  -1.5268773511372510e+12	   9.0399250000000000e+09	
   4.0937241792474002e+07	  -1.5343958368967732e+12	   9.0336250000000000e+09	
   4.0993730225190811e+07	  -1.5254638007233091e+12	   9.0261600000000000e+09	
   4.1048216709687449e+07	  -1.5110106861676216e+12	   9.0146950000000000e+09	
   4.1102779359999545e+07	  -1.5068038871861396e+12	   9.0022600000000000e+09	
   4.1156987682100743e+07	  -1.5116564157583318e+12	   8.9950950000000000e+09	
   4.1211710825319767e+07	  -1.5070967175549072e+12	   8.9941600000000000e+09	
   4.1267632024409406e+07	  -1.4983592936048823e+12	   8.9846600000000000e+09	
   4.1326033152031645e+07	  -1.4978748293641877e+12	   8.9768300000000000e+09	
   4.1373055504170038e+07	  -1.4991462994067542e+12	   8.9667950000000000e+09	
   4.1426460904671408e+07	  -1.4970820816233894e+12	   8.9547950000000000e+09	
   4.1485170142918088e+07	  -1.4981752285177485e+12	   8.9516600000000000e+09	
   4.1543824129477128e+07	  -1.4862183165252961e+12	   8.9407600000000000e+09	
   4.1599333150844760e+07	  -1.4815564106373574e+12	   8.9282950000000000e+09	
   4.1652598120078534e+07	  -1.4826774846550869e+12	   8.9222600000000000e+09	
   4.1710747445602283e+07	  -1.4815197922888770e+12	   8.9159300000000000e+09	
   4.1766924112697013e+07	  -1.4791182583672727e+12	   8.9078600000000000e+09	
   4.1823337854548432e+07	  -1.4734190463589548e+12	   8.8907600000000000e+09	
   4.1878318416963942e+07	  -1.4710669785534099e+12	   8.8835950000000000e+09	
   4.1931651250729695e+07	  -1.4679282618524497e+12	   8.8795950000000000e+09	
   4.1986485460629031e+07	  -1.4631519847599504e+12	   8.8734950000000000e+09	
   4.2039418383519389e+07	  -1.4614664105630759e+12	   8.8669950000000000e+09	
   4.2088245329941675e+07	  -1.4582730995777661e+12	   8.8547950000000000e+09	
   4.2141535521831207e+07	  -1.4577309162804458e+12	   8.8514600000000000e+09	
   4.2198154318847857e+07	  -1.4517124972928411e+12	   8.8396950000000000e+09	
   4.2257768519980364e+07	  -1.4542918287120793e+12	   8.8341600000000000e+09	
   4.2313401359147020e+07	  -1.4442709180787478e+12	   8.8281600000000000e+09	
   4.2371410908240303e+07	  -1.4326227012235830e+12	   8.8337150000000000e+09	
   4.2427324874635197e+07	  -1.4379053628406946e+12	   8.8147300000000000e+09	
   4.2485017153688192e+07	  -1.4334812304198569e+12	   8.8078950000000000e+09	
   4.2541221984077804e+07	  -1.4266302519219053e+12	   8.8087450000000000e+09	
   4.2593181964672223e+07	  -1.4220537508491733e+12	   8.7868600000000000e+09	
   4.2642161513057142e+07	  -1.4225574328785913e+12	   8.7948450000000000e+09	
   4.2694318157602221e+07	  -1.4231121743580208e+12	   8.7798250000000000e+09	
   4.2750736358737431e+07	  -1.4178055336863000e+12	   8.7685600000000000e+09	
   4.2805244468689121e+07	  -1.4153765246057563e+12	   8.7726450000000000e+09	
   4.2863288269558705e+07	  -1.4116250198462402e+12	   8.7703800000000000e+09	
   4.2922063021684207e+07	  -1.4012441218259307e+12	   8.7627500000000000e+09	
   4.2980551545755222e+07	  -1.3973104398926221e+12	   8.7536450000000000e+09	
   4.3035499962180644e+07	  -1.3979573783565859e+12	   8.7492800000000000e+09	
   4.3089414523068033e+07	  -1.4036763471807842e+12	   8.7383450000000000e+09	
   4.3141463606873639e+07	  -1.3962124340419426e+12	   8.7373450000000000e+09	
   4.3200562583473772e+07	  -1.3996392725074915e+12	   8.7247450000000000e+09	
   4.3257652448109075e+07	  -1.3938697762759966e+12	   8.7129150000000000e+09	
   4.3298840188317433e+07	  -1.3944271864499016e+12	   8.7138800000000000e+09	
   4.3351440314008288e+07	  -1.3917370490142869e+12	   8.7074150000000000e+09	
   4.3409218121051177e+07	  -1.3868877200412129e+12	   8.7040150000000000e+09	
   4.3462601641370647e+07	  -1.3795984783604819e+12	   8.6990150000000000e+09	
   4.3512925773799181e+07	  -1.3794318077104695e+12	   8.6918800000000000e+09	
   4.3565560855321042e+07	  -1.3761188048850945e+12	   8.6870450000000000e+09	
   4.3621525422004178e+07	  -1.3741049452575349e+12	   8.6745800000000000e+09	
   4.3674338355204985e+07	  -1.3666934950071980e+12	   8.6737100000000000e+09	
   4.3730335627739139e+07	  -1.3672741435770906e+12	   8.6648450000000000e+09	
   4.3782333425745778e+07	  -1.3697119932138994e+12	   8.6610800000000000e+09	
   4.3835996151815072e+07	  -1.3557623063551729e+12	   8.6525800000000000e+09	
   4.3892575861371949e+07	  -1.3512932781011670e+12	   8.6468450000000000e+09	
   4.3950334550071418e+07	  -1.3444417629956528e+12	   8.6426800000000000e+09	
   4.4008979347596996e+07	  -1.3422836156768110e+12	   8.6359800000000000e+09	
   4.4065884716239832e+07	  -1.3386461663983191e+12	   8.6283450000000000e+09	
   4.4123550845439769e+07	  -1.3355019499814966e+12	   8.6250450000000000e+09	
   4.4181019333157264e+07	  -1.3417661235230476e+12	   8.6208150000000000e+09	
   4.4239629395961985e+07	  -1.3411117108466035e+12	   8.6155800000000000e+09	
   4.4299276053873934e+07	  -1.3360218920404536e+12	   8.6016800000000000e+09	
   4.4357886081824474e+07	  -1.3307135571603433e+12	   8.6021800000000000e+09	
   4.4413759008534066e+07	  -1.3285261601202776e+12	   8.5982800000000000e+09	
   4.4470656816661537e+07	  -1.3214381686203813e+12	   8.5892800000000000e+09	
   4.4525545153632239e+07	  -1.3194936612991367e+12	   8.5816450000000000e+09	
   4.4577384328329332e+07	  -1.3178533586790039e+12	   8.5765800000000000e+09	
   4.4637171508127205e+07	  -1.3165698911125410e+12	   8.5708450000000000e+09	
   4.4694918915872559e+07	  -1.3154441751319729e+12	   8.5633450000000000e+09	
   4.4753865133378848e+07	  -1.3187149693196926e+12	   8.5613450000000000e+09	
   4.4813592138680264e+07	  -1.3145725666810344e+12	   8.5565800000000000e+09	
   4.4873192856226705e+07	  -1.3098398747903757e+12	   8.5482450000000000e+09	
   4.4931917953352712e+07	  -1.3036314881590757e+12	   8.5417800000000000e+09	
   4.4983387285710581e+07	  -1.2954771118248264e+12	   8.5349100000000000e+09	
   4.5039874756337710e+07	  -1.2952953213253472e+12	   8.5267450000000000e+09	
   4.5093293054014146e+07	  -1.2928833554492241e+12	   8.5262750000000000e+09	
   4.5141062068343773e+07	  -1.2890668019667383e+12	   8.5183450000000000e+09	
   4.5199347167768508e+07	  -1.2858430210687854e+12	   8.5140450000000000e+09	
   4.5253353159905113e+07	  -1.2828239886760635e+12	   8.5101450000000000e+09	
   4.5310828246223576e+07	  -1.2830748534491599e+12	   8.5059800000000000e+09	
   4.5366195766222537e+07	  -1.2780551608147576e+12	   8.5037800000000000e+09	
   4.5425406771636784e+07	  -1.2769073068637751e+12	   8.5015100000000000e+09	
   4.5483911210688762e+07	  -1.2687999815363606e+12	   8.4911450000000000e+09	
   4.5538354454239592e+07	  -1.2718094914091333e+12	   8.4889450000000000e+09	
   4.5583152296870694e+07	  -1.2718726788218958e+12	   8.4862450000000000e+09	
   4.5634571033603311e+07	  -1.2686855604006428e+12	   8.4785100000000000e+09	
   4.5684917567778856e+07	  -1.2678002660732300e+12	   8.4710100000000000e+09	
   4.5736316211515173e+07	  -1.2597560236912158e+12	   8.4646450000000000e+09	
   4.5790962172225006e+07	  -1.2587464897853821e+12	   8.4583800000000000e+09	
   4.5841028598069422e+07	  -1.2586782426252180e+12	   8.4572150000000000e+09	
   4.5888930444750130e+07	  -1.2519153473576394e+12	   8.4500150000000000e+09	
   4.5932707560139097e+07	  -1.2490573821974919e+12	   8.4440150000000000e+09	
   4.5979048316159867e+07	  -1.2449884838582500e+12	   8.4402800000000000e+09	
   4.6034057855962217e+07	  -1.2419748208024856e+12	   8.4287800000000000e+09	
   4.6090032349916115e+07	  -1.2357483917483188e+12	   8.4237450000000000e+09	
   4.6144501175550088e+07	  -1.2292144860592883e+12	   8.4225100000000000e+09	
   4.6198461039348371e+07	  -1.2284953924512605e+12	   8.4160450000000000e+09	
   4.6255387684729397e+07	  -1.2255718734572773e+12	   8.4100450000000000e+09	
   4.6312369590827189e+07	  -1.2236868840896042e+12	   8.4083100000000000e+09	
   4.6369445419348270e+07	  -1.2186199952956084e+12	   8.4030800000000000e+09	
   4.6419524315738402e+07	  -1.2176831304414695e+12	   8.4011450000000000e+09	
   4.6473473978350297e+07	  -1.2182114522258965e+12	   8.3998450000000000e+09	
   4.6527372444491625e+07	  -1.2173667275566455e+12	   8.3949100000000000e+09	
   4.6585514906146653e+07	  -1.2105231272395090e+12	   8.4001800000000000e+09	
   4.6641921238166153e+07	  -1.2088446948802039e+12	   8.3961800000000000e+09	
   4.6699466592083186e+07	  -1.2039153276046091e+12	   8.3721450000000000e+09	
   4.6746171602388002e+07	  -1.2034482611139155e+12	   8.3650800000000000e+09	
   4.6794421556455858e+07	  -1.2041878107153010e+12	   8.3765800000000000e+09	
   4.6845631723526582e+07	  -1.2014241052585964e+12	   8.3757800000000000e+09	
   4.6893762763533711e+07	  -1.2013522649156797e+12	   8.3705450000000000e+09	
   4.6940469185229786e+07	  -1.1964750565300100e+12	   8.3569450000000000e+09	
   4.6995704243723653e+07	  -1.2001697683344319e+12	   8.3484450000000000e+09	
   4.7047519190503560e+07	  -1.1956494345752200e+12	   8.3409800000000000e+09	
   4.7095478690876767e+07	  -1.1951911309242009e+12	   8.3379800000000000e+09	
   4.7148723400892384e+07	  -1.1935121095990933e+12	   8.3529450000000000e+09	
   4.7205341026564166e+07	  -1.1897047693074673e+12	   8.3490100000000000e+09	
   4.7256743988397054e+07	  -1.1920888172241621e+12	   8.3620750000000000e+09	
   4.7307760861173704e+07	  -1.1849489369515359e+12	   8.3576100000000000e+09	
   4.7357846354181916e+07	  -1.1811170014817781e+12	   8.3539750000000000e+09	
   4.7411976771967150e+07	  -1.1796522655726890e+12	   8.3528750000000000e+09	
   4.7462590391317569e+07	  -1.1772730157894351e+12	   8.3460450000000000e+09	
   4.7512424024294131e+07	  -1.1744384411620332e+12	   8.3381800000000000e+09	
   4.7564986491588555e+07	  -1.1737675010710278e+12	   8.3373400000000000e+09	
   4.7619095815196201e+07	  -1.1682194947540642e+12	   8.3282100000000000e+09	
   4.7669909811139703e+07	  -1.1663030059657444e+12	   8.3227100000000000e+09	
   4.7725665357985012e+07	  -1.1666725042960129e+12	   8.3198100000000000e+09	
   4.7781854227506272e+07	  -1.1641960419281680e+12	   8.3109450000000000e+09	
   4.7833456108129613e+07	  -1.1615196756652527e+12	   8.3105100000000000e+09	
   4.7883968729017034e+07	  -1.1601625625649973e+12	   8.3101100000000000e+09	
   4.7930854980024286e+07	  -1.1604353321427307e+12	   8.3060450000000000e+09	
   4.7984017108699054e+07	  -1.1575938330345527e+12	   8.3012450000000000e+09	
   4.8036001571809947e+07	  -1.1593469996166165e+12	   8.2936450000000000e+09	
   4.8081656424736224e+07	  -1.1508737760344094e+12	   8.2937450000000000e+09	
   4.8128726629345454e+07	  -1.1455271153548040e+12	   8.2897450000000000e+09	
   4.8172942178823315e+07	  -1.1437811111072092e+12	   8.2850450000000000e+09	
   4.8219520461478367e+07	  -1.1427992552736174e+12	   8.2803100000000000e+09	
   4.8269491523197137e+07	  -1.1402327950855735e+12	   8.2695750000000000e+09	
   4.8318028001084521e+07	  -1.1324739641504629e+12	   8.2712450000000000e+09	
   4.8360895573502518e+07	  -1.1324259598555122e+12	   8.2645100000000000e+09	
   4.8409981833135270e+07	  -1.1309019633830366e+12	   8.2569100000000000e+09	
   4.8465256613706760e+07	  -1.1296605719235828e+12	   8.2562450000000000e+09	
   4.8508791378374420e+07	  -1.1297094000167444e+12	   8.2500750000000000e+09	
   4.8549715544171721e+07	  -1.1273312559799241e+12	   8.2460750000000000e+09	
   4.8596192607870862e+07	  -1.1264085080702117e+12	   8.2425750000000000e+09	
   4.8648978607649900e+07	  -1.1249004880403718e+12	   8.2385100000000000e+09	
   4.8699806923577368e+07	  -1.1221043865554109e+12	   8.2349750000000000e+09	
   4.8751924190618105e+07	  -1.1283434042528743e+12	   8.2320750000000000e+09	
   4.8808921907989509e+07	  -1.1271823725080464e+12	   8.2228750000000000e+09	
   4.8861528209419318e+07	  -1.1258121066962720e+12	   8.2235100000000000e+09	
   4.8909327792753085e+07	  -1.1219300834797769e+12	   8.2166450000000000e+09	
   4.8958771782049336e+07	  -1.1200647799293608e+12	   8.2104100000000000e+09	
   4.9011358180436179e+07	  -1.1201916083276724e+12	   8.2040750000000000e+09	
   4.9065838919245638e+07	  -1.1131874469760588e+12	   8.2013100000000000e+09	
   4.9110946387296550e+07	  -1.1123831833195684e+12	   8.2023450000000000e+09	
   4.9162111163948573e+07	  -1.1144514764295747e+12	   8.1968450000000000e+09	
   4.9209429602475099e+07	  -1.1154472206520342e+12	   8.1943100000000000e+09	
   4.9256209431318201e+07	  -1.1141994117519412e+12	   8.1910100000000000e+09	
   4.9309322323674105e+07	  -1.1142770721166492e+12	   8.1868750000000000e+09	
   4.9359169740623109e+07	  -1.1092091195981460e+12	   8.1782750000000000e+09	
   4.9409502913858332e+07	  -1.1068511437120259e+12	   8.1772400000000000e+09	
   4.9464940009193532e+07	  -1.1072355733355493e+12	   8.1709050000000000e+09	
   4.9518636634774461e+07	  -1.1025852542291387e+12	   8.1661750000000000e+09	
   4.9563667192343310e+07	  -1.0953620318247435e+12	   8.1614100000000000e+09	
   4.9611253527187683e+07	  -1.0936173903208364e+12	   8.1573100000000000e+09	
   4.9659668640136577e+07	  -1.0926887759426038e+12	   8.1561750000000000e+09	
   4.9708304818649419e+07	  -1.0912108265175430e+12	   8.1535400000000000e+09	
   4.9748939107889280e+07	  -1.0890949593073666e+12	   8.1476400000000000e+09	
   4.9799416798186630e+07	  -1.0840303103063074e+12	   8.1459750000000000e+09	
   4.9837341389149256e+07	  -1.0831983593307047e+12	   8.1404750000000000e+09	
   4.9879573368297584e+07	  -1.0825910083539598e+12	   8.1392050000000000e+09	
   4.9931536522632606e+07	  -1.0772337528537068e+12	   8.1306750000000000e+09	
   4.9984600004285641e+07	  -1.0733544610565631e+12	   8.1280750000000000e+09	
   5.0029527657222793e+07	  -1.0751091571357443e+12	   8.1251100000000000e+09	
   5.0073026845174767e+07	  -1.0724873508399799e+12	   8.1240100000000000e+09	
   5.0118964173869304e+07	  -1.0668875810218995e+12	   8.1206100000000000e+09	
   5.0160615668021321e+07	  -1.0671182204425057e+12	   8.1196750000000000e+09	
   5.0209123268695116e+07	  -1.0610379878838857e+12	   8.1190050000000000e+09	
   5.0258501738838650e+07	  -1.0621197144720950e+12	   8.1134400000000000e+09	
   5.0294897630292051e+07	  -1.0627622808420540e+12	   8.1106400000000000e+09	
   5.0333050301200375e+07	  -1.0615710746260243e+12	   8.1070750000000000e+09	
   5.0373562314828463e+07	  -1.0658863046094352e+12	   8.0987750000000000e+09	
   5.0406841664471239e+07	  -1.0615799547620538e+12	   8.0991750000000000e+09	
   5.0450345043991514e+07	  -1.0589444335760237e+12	   8.1001100000000000e+09	
   5.0493297768218577e+07	  -1.0588852819276475e+12	   8.0945750000000000e+09	
   5.0540065509771079e+07	  -1.0622749679091152e+12	   8.0905750000000000e+09	
   5.0587638900743663e+07	  -1.0565558745759811e+12	   8.0825750000000000e+09	
   5.0638806529461205e+07	  -1.0548552729074961e+12	   8.0814750000000000e+09	
   5.0691394042936400e+07	  -1.0552137720056523e+12	   8.0776400000000000e+09	
   5.0747418520861998e+07	  -1.0488360299493594e+12	   8.0722400000000000e+09	
   5.0795460596035868e+07	  -1.0489812633118352e+12	   8.0834250000000000e+09	
   5.0838185026469834e+07	  -1.0474213215695035e+12	   8.0809250000000000e+09	
   5.0874927841279969e+07	  -1.0468633004001650e+12	   8.0812600000000000e+09	
   5.0918913186527044e+07	  -1.0447870712507421e+12	   8.0618750000000000e+09	
   5.0958213515375428e+07	  -1.0459050106527626e+12	   8.0591750000000000e+09	
   5.0994864365670152e+07	  -1.0451010405492578e+12	   8.0536400000000000e+09	
   5.1043272256198376e+07	  -1.0406845121123605e+12	   8.0499400000000000e+09	
   5.1084723099834241e+07	  -1.0409989408572871e+12	   8.0484400000000000e+09	
   5.1122171209687427e+07	  -1.0412393806794150e+12	   8.0436050000000000e+09	
   5.1170203992805548e+07	  -1.0389419304318967e+12	   8.0406750000000000e+09	
   5.1213377674660645e+07	  -1.0348181572152605e+12	   8.0541900000000000e+09	
   5.1253147422482066e+07	  -1.0292665623245297e+12	   8.0514550000000000e+09	
   5.1299562508355148e+07	  -1.0307366115212694e+12	   8.0469250000000000e+09	
   5.1345408565141812e+07	  -1.0273651430101469e+12	   8.0411600000000000e+09	
   5.1386753532401957e+07	  -1.0236005504306475e+12	   8.0378900000000000e+09	
   5.1416531313327022e+07	  -1.0221435472041433e+12	   8.0395950000000000e+09	
   5.1449719833365224e+07	  -1.0230917826052168e+12	   8.0373950000000000e+09	
   5.1497916250339143e+07	  -1.0205708103434873e+12	   8.0363250000000000e+09	
   5.1543748853378035e+07	  -1.0173174089930244e+12	   8.0301250000000000e+09	
   5.1583664861892775e+07	  -1.0165122883533551e+12	   8.0266300000000000e+09	
   5.1628071783208050e+07	  -1.0198093169571802e+12	   8.0415300000000000e+09	
   5.1673770748267017e+07	  -1.0203021541332815e+12	   8.0428300000000000e+09	
   5.1719201672065355e+07	  -1.0202512209439875e+12	   8.0335600000000000e+09	
   5.1758498095711514e+07	  -1.0140389981455164e+12	   8.0293600000000000e+09	
   5.1796597794349946e+07	  -1.0092254042230884e+12	   8.0269600000000000e+09	
   5.1838256706671543e+07	  -1.0073905529897456e+12	   8.0248600000000000e+09	
   5.1885589465417974e+07	  -1.0056604761760317e+12	   8.0162900000000000e+09	
   5.1921422302098699e+07	  -1.0033929694679750e+12	   8.0176250000000000e+09	
   5.1966727953587867e+07	  -1.0029125595706742e+12	   8.0177600000000000e+09	
   5.2016805996784754e+07	  -1.0009896508006611e+12	   8.0088250000000000e+09	
   5.2066196281745858e+07	  -1.0012748038308455e+12	   8.0110950000000000e+09	
   5.2119932827717200e+07	  -9.9851602693133191e+11	   8.0066950000000000e+09	
   5.2161000015131697e+07	  -9.9986836305084387e+11	   8.0027300000000000e+09	
   5.2209203692103617e+07	  -1.0016920506400037e+12	   7.9978600000000000e+09	
   5.2255630936055481e+07	  -9.9970927718271814e+11	   7.9943600000000000e+09	
   5.2301019428755380e+07	  -1.0000213323076254e+12	   7.9928600000000000e+09	
   5.2345123587595396e+07	  -1.0001764705011118e+12	   7.9893600000000000e+09	
   5.2385935835840471e+07	  -9.9768608620232996e+11	   7.9903600000000000e+09	
   5.2427135568118595e+07	  -9.9180804702612988e+11	   7.9868250000000000e+09	
   5.2465214732648790e+07	  -9.8759195515640698e+11	   7.9839600000000000e+09	
   5.2513815744258821e+07	  -9.8531650953135559e+11	   7.9800950000000000e+09	
   5.2560843147724994e+07	  -9.8232725298608606e+11	   7.9774950000000000e+09	
   5.2601722545205407e+07	  -9.7927944548313708e+11	   7.9753250000000000e+09	
   5.2651074040255338e+07	  -9.7775123986492261e+11	   7.9736600000000000e+09	
   5.2697535353043996e+07	  -9.7784969720750513e+11	   7.9746600000000000e+09	
   5.2746099037628077e+07	  -9.7737293041259070e+11	   7.9689950000000000e+09	
   5.2795190905566126e+07	  -9.7328188109267981e+11	   7.9686950000000000e+09	
   5.2839850575110435e+07	  -9.7570536552125549e+11	   7.9621950000000000e+09	
   5.2893849611172564e+07	  -9.7543500668847314e+11	   7.9568250000000000e+09	
   5.2930854508324787e+07	  -9.7343556843656836e+11	   7.9558600000000000e+09	
   5.2967117775144003e+07	  -9.7682507212883362e+11	   7.9514950000000000e+09	
   5.3011973196458653e+07	  -9.7819808634007898e+11	   7.9511600000000000e+09	
   5.3057287014708184e+07	  -9.7672514147585486e+11	   7.9478250000000000e+09	
   5.3103506377837718e+07	  -9.7606024722367700e+11	   7.9451600000000000e+09	
   5.3153466099931620e+07	  -9.7445177115454602e+11	   7.9450250000000000e+09	
   5.3190904285722621e+07	  -9.7475186025035840e+11	   7.9437600000000000e+09	
   5.3234826786589332e+07	  -9.7493743402665112e+11	   7.9401250000000000e+09	
   5.3271968642394781e+07	  -9.7699791230824609e+11	   7.9404250000000000e+09	
   5.3308284929841042e+07	  -9.7552357027062463e+11	   7.9392250000000000e+09	
   5.3339195011835411e+07	  -9.7346017023682837e+11	   7.9359600000000000e+09	
   5.3378372334570155e+07	  -9.7204052048055688e+11	   7.9304600000000000e+09	
   5.3421705675651059e+07	  -9.6676282872080847e+11	   7.9310250000000000e+09	
   5.3459719961725347e+07	  -9.6826289191630957e+11	   7.9276550000000000e+09	
   5.3499279367043905e+07	  -9.6489475741309387e+11	   7.9260250000000000e+09	
   5.3538094799427502e+07	  -9.6476258430584814e+11	   7.9231600000000000e+09	
   5.3575355513359115e+07	  -9.6265586877360474e+11	   7.9203600000000000e+09	
   5.3622343172359571e+07	  -9.5917802307071729e+11	   7.9183950000000000e+09	
   5.3660929089140870e+07	  -9.5877191169205469e+11	   7.9191600000000000e+09	
   5.3694066783454724e+07	  -9.5836366316135022e+11	   7.9156950000000000e+09	
   5.3732650589468613e+07	  -9.5677531914673035e+11	   7.9160600000000000e+09	
   5.3775666716604717e+07	  -9.5644276535106396e+11	   7.9141900000000000e+09	
   5.3823433858219676e+07	  -9.5341433993907959e+11	   7.9123300000000000e+09	
   5.3857991115208596e+07	  -9.5017505167369495e+11	   7.9101300000000000e+09	
   5.3890093758957393e+07	  -9.5011155544102051e+11	   7.9059300000000000e+09	
   5.3933954646852285e+07	  -9.4809774255886975e+11	   7.9047600000000000e+09	
   5.3972125660966039e+07	  -9.5152705599843298e+11	   7.8987950000000000e+09	
   5.4010336417255431e+07	  -9.5079857529664343e+11	   7.8978250000000000e+09	
   5.4053199855450414e+07	  -9.4770300151221631e+11	   7.8978250000000000e+09	
   5.4093769318480656e+07	  -9.4056457264118762e+11	   7.8987950000000000e+09	
   5.4144510943136290e+07	  -9.4562954414422375e+11	   7.8952950000000000e+09	
   5.4189592099880569e+07	  -9.4889456952882849e+11	   7.8904600000000000e+09	
   0.0000000000000000e+00	   0.0000000000000000e+00	   0.0000000000000000e+00	
   0.0000000000000000e+00	   0.0000000000000000e+00	   0.0000000000000000e+00	
