   1.8108360713446871e-02	   0.0000000000000000e+00	   0.0000000000000000e+00	   0.0000000000000000e+00	   0.0000000000000000e+00	   0.0000000000000000e+00	
   5.9604544797095341e+03	   0.0000000000000000e+00	   0.0000000000000000e+00	   0.0000000000000000e+00	   0.0000000000000000e+00	   0.0000000000000000e+00	
   1.3560235874105518e+05	   0.0000000000000000e+00	   0.0000000000000000e+00	   0.0000000000000000e+00	   0.0000000000000000e+00	   0.0000000000000000e+00	
   4.2009827935285395e+05	   0.0000000000000000e+00	   0.0000000000000000e+00	   0.0000000000000000e+00	   0.0000000000000000e+00	   0.0000000000000000e+00	
   6.8998306825547235e+05	   0.0000000000000000e+00	   0.0000000000000000e+00	   0.0000000000000000e+00	   0.0000000000000000e+00	   0.0000000000000000e+00	
   9.7310107843926840e+05	   0.0000000000000000e+00	   0.0000000000000000e+00	   0.0000000000000000e+00	   0.0000000000000000e+00	   0.0000000000000000e+00	
   1.2716856098832409e+06	   0.0000000000000000e+00	   0.0000000000000000e+00	   0.0000000000000000e+00	   0.0000000000000000e+00	   0.0000000000000000e+00	
   1.5712678026408837e+06	   0.0000000000000000e+00	   0.0000000000000000e+00	   0.0000000000000000e+00	   0.0000000000000000e+00	   0.0000000000000000e+00	
   1.8704167340714079e+06	   0.0000000000000000e+00	   0.0000000000000000e+00	   0.0000000000000000e+00	   0.0000000000000000e+00	   0.0000000000000000e+00	
   2.1701344554914976e+06	   0.0000000000000000e+00	   0.0000000000000000e+00	   0.0000000000000000e+00	   0.0000000000000000e+00	   0.0000000000000000e+00	
   2.4695648334723748e+06	   0.0000000000000000e+00	   0.0000000000000000e+00	   0.0000000000000000e+00	   0.0000000000000000e+00	   0.0000000000000000e+00	
   2.7693725345817590e+06	   0.0000000000000000e+00	   0.0000000000000000e+00	   0.0000000000000000e+00	   0.0000000000000000e+00	   0.0000000000000000e+00	
   3.0693725345817590e+06	   0.0000000000000000e+00	   0.0000000000000000e+00	   0.0000000000000000e+00	   0.0000000000000000e+00	   0.0000000000000000e+00	
   3.3693725345817590e+06	   0.0000000000000000e+00	   0.0000000000000000e+00	   0.0000000000000000e+00	   0.0000000000000000e+00	   0.0000000000000000e+00	
   3.6693725345817590e+06	   0.0000000000000000e+00	   0.0000000000000000e+00	   0.0000000000000000e+00	   0.0000000000000000e+00	   0.0000000000000000e+00	
   3.9693725345817590e+06	   0.0000000000000000e+00	   0.0000000000000000e+00	   0.0000000000000000e+00	   0.0000000000000000e+00	   0.0000000000000000e+00	
   4.2693725345817590e+06	   0.0000000000000000e+00	   0.0000000000000000e+00	   0.0000000000000000e+00	   0.0000000000000000e+00	   0.0000000000000000e+00	
   4.5693725345817590e+06	   0.0000000000000000e+00	   0.0000000000000000e+00	   0.0000000000000000e+00	   0.0000000000000000e+00	   0.0000000000000000e+00	
   4.8693725345817590e+06	   0.0000000000000000e+00	   0.0000000000000000e+00	   0.0000000000000000e+00	   0.0000000000000000e+00	   0.0000000000000000e+00	
   5.1693725345817590e+06	   0.0000000000000000e+00	   0.0000000000000000e+00	   0.0000000000000000e+00	   0.0000000000000000e+00	   0.0000000000000000e+00	
   5.4693725345817590e+06	   0.0000000000000000e+00	   0.0000000000000000e+00	   0.0000000000000000e+00	   0.0000000000000000e+00	   0.0000000000000000e+00	
   5.7693725345817590e+06	   0.0000000000000000e+00	   0.0000000000000000e+00	   0.0000000000000000e+00	   0.0000000000000000e+00	   0.0000000000000000e+00	
   6.0693725345817590e+06	   0.0000000000000000e+00	   0.0000000000000000e+00	   0.0000000000000000e+00	   0.0000000000000000e+00	   0.0000000000000000e+00	
   6.3693725345817590e+06	   0.0000000000000000e+00	   0.0000000000000000e+00	   0.0000000000000000e+00	   0.0000000000000000e+00	   0.0000000000000000e+00	
   6.6693725345817590e+06	   0.0000000000000000e+00	   0.0000000000000000e+00	   0.0000000000000000e+00	   0.0000000000000000e+00	   0.0000000000000000e+00	
   6.9693725345817590e+06	   0.0000000000000000e+00	   0.0000000000000000e+00	   0.0000000000000000e+00	   0.0000000000000000e+00	   0.0000000000000000e+00	
   7.2693725345817590e+06	   7.1701007124597832e+12	   6.6966405116224170e+12	   6.2750928093267529e+12	   5.8507511367759854e+12	   5.4430324005765576e+12	
   7.5693725345817590e+06	   4.8380579940322500e+12	   4.5192840386010273e+12	   4.2512482417388008e+12	   3.9772593802057861e+12	   3.6774468908938569e+12	
   7.8693725345817590e+06	   4.9230791719477305e+12	   4.5154300682739053e+12	   4.1458583490668892e+12	   3.8100380508622192e+12	   3.5879663362292856e+12	
   8.1693725345817590e+06	   3.7634674397051714e+12	   3.6337153512532871e+12	   3.4455056523982637e+12	   3.1901963583279272e+12	   2.9442771026843423e+12	
   8.4693725345817581e+06	   4.9151008558031973e+12	   4.3545855652476162e+12	   3.8995353921772085e+12	   3.5085750361689219e+12	   3.2136842120272983e+12	
   8.7693725345817581e+06	   9.8562761942868477e+12	   8.9231298784050820e+12	   8.1235416903655752e+12	   7.4315419686000244e+12	   6.8063535973379961e+12	
   9.0693725345817581e+06	   2.0828065006625176e+12	   1.8598026390493472e+12	   1.6611994870812578e+12	   1.5246950073937112e+12	   1.4370881117792490e+12	
   9.3693725345817581e+06	   3.3405206401239229e+12	   2.8933779191965474e+12	   2.6270595661302563e+12	   2.3700150833726025e+12	   2.1055407783017043e+12	
   9.6693725345817581e+06	   1.3033511280243162e+13	   1.1552648543191748e+13	   1.0265019911257045e+13	   9.1722500459023438e+12	   8.2220285922121328e+12	
   9.9693725345817581e+06	   3.3696058691706084e+12	   3.2382603374652690e+12	   2.7521379889915732e+12	   2.3580607662931030e+12	   2.0914687090000488e+12	
   1.0269372534581758e+07	   9.2695074394630488e+12	   8.1391835512787500e+12	   7.1235766052490811e+12	   6.2341822598617266e+12	   5.5171511097431006e+12	
   1.0569372534581758e+07	   2.6385422515216969e+13	   2.2973724403754297e+13	   1.9820106962135488e+13	   1.7231683035281215e+13	   1.5075996394200758e+13	
   1.0869372534581758e+07	   4.4933516292895430e+13	   3.9049952787092477e+13	   3.4654557876441184e+13	   3.0052158884726082e+13	   2.6318774256271395e+13	
   1.1169372534581758e+07	   6.2360924459718250e+13	   5.3542199777754594e+13	   4.6498497129731688e+13	   4.0580376587518234e+13	   3.5146686785943688e+13	
   1.1469372534581758e+07	   1.6746001116183700e+14	   1.4352627652861991e+14	   1.2311699845959148e+14	   1.0657009925125008e+14	   9.0771645795856641e+13	
   1.1769372534581758e+07	   2.8060609524665490e+15	   2.8172328261896555e+15	   2.7687881651731505e+15	   2.4161023986827065e+15	   1.2924476091708305e+15	
   1.2069372534581758e+07	   5.5835589535036180e+13	   4.5543828498035156e+13	   3.9409624309184859e+13	   3.3986892610722117e+13	   2.8413293330920988e+13	
   1.2369372534581758e+07	   3.2535633727335988e+14	   2.7987413959471144e+14	   2.4095859261869116e+14	   2.0936095288675428e+14	   1.7571611679066581e+14	
   1.2669372534581758e+07	   6.9088666698103984e+12	   6.3500593905054482e+12	   5.7789016298100791e+12	   5.2026309894434287e+12	   4.6491561650130107e+12	
   1.2969372534581758e+07	   1.1085318944751841e+15	   8.5347766020260938e+14	   7.5350023267704850e+14	   7.1428925312332562e+14	   6.0718481137207725e+14	
   1.3269372534581758e+07	   3.5721691292318520e+15	   3.2200032459247910e+15	   2.6213173000416515e+15	   2.7997962108859150e+15	   2.2102458790245542e+15	
   1.3569372534581758e+07	   3.3175093069051355e+15	   3.3202187913117340e+15	   3.3228046622129250e+15	   3.3264189883850425e+15	   3.3287096564842135e+15	
   1.3869372534581758e+07	   3.8514737349386025e+15	   3.1662554417216045e+15	   3.1725499543757955e+15	   3.1590280052397450e+15	   3.1215896084969775e+15	
   1.4169367425621925e+07	   2.1919747930352768e+15	   2.1941733840303060e+15	   2.1977698863971355e+15	   2.2000347998971742e+15	   2.2047572965053278e+15	
   1.4469367425621925e+07	   1.5316766127264428e+15	   1.5394604751202048e+15	   1.5496330724369652e+15	   1.5569924626882135e+15	   1.5656917796240098e+15	
   1.4769367425621925e+07	   6.7657086544588994e+12	   6.2746153824809893e+12	   6.0133924551119697e+12	   5.7514568508842568e+12	   8.5736324061782441e+12	
   1.5069367425621925e+07	   7.0411940124357825e+14	   7.1612235935654225e+14	   7.2699177796768288e+14	   7.4049168499366900e+14	   7.5162788910501738e+14	
   1.5369367425621925e+07	   9.2229738760124355e+12	   8.5359731526015020e+12	   8.1924948437602744e+12	   7.8108645301542881e+12	   7.4026862880806006e+12	
   1.5669367425621925e+07	   7.4500072841735352e+12	   7.1635522744247627e+12	   6.8547728486589707e+12	   6.5254646682579053e+12	   6.1875436146425293e+12	
   1.5969357585129172e+07	   6.3376515130664961e+12	   6.1038900912072363e+12	   5.8664680000235439e+12	   5.6050106411403027e+12	   5.3379974502886045e+12	
   1.6269200300043274e+07	   3.8636132869367962e+14	   3.9454574459331056e+14	   4.0175672190225300e+14	   4.0889875480029006e+14	   4.1761639185995156e+14	
   1.6569117983918333e+07	   1.7324468578399285e+15	   1.7319651436668732e+15	   1.7348579869022972e+15	   1.7371694179258182e+15	   1.7407923387972738e+15	
   1.6869117983918332e+07	   1.1341802315210408e+15	   1.1361727726066738e+15	   1.1382680877474708e+15	   1.1405986699669595e+15	   1.1430910593881452e+15	
   1.7169117983918332e+07	   6.6712211934685662e+14	   6.6882787033380388e+14	   6.7091348460864000e+14	   6.7200172917150875e+14	   6.7480163118945462e+14	
   1.7469117983918332e+07	   1.2101857105445832e+15	   1.2114026363146495e+15	   1.2120528510827788e+15	   1.2138440099151445e+15	   1.2146651202279570e+15	
   1.7769117983918332e+07	   1.6409144404456200e+15	   1.6405550732108592e+15	   1.6412052691722300e+15	   1.6408637650615715e+15	   1.6427914498944570e+15	
   1.8069117983918335e+07	   1.4392867286440565e+15	   1.4444485552008792e+15	   1.4473813515885875e+15	   1.4508868669650252e+15	   1.4556508940224300e+15	
   1.8369117983918335e+07	   6.5911129146796325e+14	   6.6531770646710775e+14	   6.6847690214164325e+14	   6.7251733693496075e+14	   6.8156282192778788e+14	
   1.8669117983918335e+07	   3.3795451715830531e+14	   3.4522747179786106e+14	   3.5181636478187188e+14	   3.5939143750549612e+14	   3.6557638821839275e+14	
   1.9263072890848003e+07	   1.7433841369848772e+15	   1.7463628449634508e+15	   1.7493901280422965e+15	   1.7550555454958575e+15	   1.7561381841781088e+15	
   1.9528449482796431e+07	   8.3941957329750425e+14	   8.4622569118746225e+14	   8.5308456385245650e+14	   8.6098805636468638e+14	   8.6894221412587525e+14	
   1.9768284782280076e+07	   8.7109472589343962e+14	   8.7712744860567725e+14	   8.8471761578155138e+14	   8.9443927212705225e+14	   9.0193996255784850e+14	
   1.9988688591901001e+07	   1.1534700633431275e+15	   1.1601938502098472e+15	   1.1688530349075468e+15	   1.1790386517221768e+15	   1.1858133690488948e+15	
   2.0194340565643776e+07	   1.4318645201883785e+15	   1.4430432980662868e+15	   1.4494675064796902e+15	   1.4581288971528665e+15	   1.4629321327652748e+15	
   2.0389661566507820e+07	   7.0791282559461900e+14	   7.1962769965033200e+14	   7.3056547320048075e+14	   7.4173516008680238e+14	   7.5369540443566738e+14	
   2.0579273519697826e+07	   1.1649820013172140e+15	   1.1722675534526628e+15	   1.1819454326966162e+15	   1.1923697024316520e+15	   1.1998682052724775e+15	
   2.0767467327407245e+07	   1.1833231447824672e+15	   1.1981934030896902e+15	   1.2069787883904882e+15	   1.2228264875527538e+15	   1.2377354313811075e+15	
   2.0959000284316663e+07	   1.0961645582983130e+15	   1.1140723930822728e+15	   1.1311662510044802e+15	   1.1401445118504458e+15	   1.1540066376999898e+15	
   2.1159777297010832e+07	   1.7165972513234638e+15	   1.7261741541663715e+15	   1.7379882803728512e+15	   1.7471437572507065e+15	   3.2809815322370550e+15	
   2.1375430108100500e+07	   7.1339039537569575e+14	   7.2600112797245800e+14	   7.3944963327599538e+14	   7.5169945719720738e+14	   7.6521375028898400e+14	
   2.1614010317021787e+07	   4.6395018554993881e+14	   4.8978226091299856e+14	   5.1053055324661631e+14	   5.2582130875777431e+14	   5.4202723377540656e+14	
   2.1887766414000072e+07	   9.1105013203034188e+14	   9.2507139769911500e+14	   9.3973863241284212e+14	   9.5394522853290975e+14	   9.6798226412300175e+14	
   2.2187710205600332e+07	   8.3735881722598875e+14	   8.5086925145915888e+14	   8.6440486545509625e+14	   8.7767530141547775e+14	   1.0791799664902399e+15	
   2.2487710205600332e+07	   1.1623184306316422e+15	   1.1709443752935230e+15	   1.1795967936959828e+15	   1.1930174510517940e+15	   1.2037722568964460e+15	
   2.2787710205600332e+07	   1.3300975369402410e+15	   1.3475807151093178e+15	   1.3735318984869695e+15	   1.3912775176705120e+15	   1.4107113817569088e+15	
   2.3087710205600332e+07	   1.9348848585135910e+15	   1.9495781750164912e+15	   1.9635059872267292e+15	   1.9780816393233322e+15	   1.9938979196971560e+15	
   2.3387710205600332e+07	   9.6600584725600950e+14	   1.1103957239461558e+15	   1.1363586606389428e+15	   1.1518511987634220e+15	   1.1699787779975885e+15	
   2.3687710205600332e+07	   9.7415747777065788e+14	   9.9208633094340762e+14	   1.0104397012099014e+15	   1.0307656660561140e+15	   1.0524748461737826e+15	
   2.3987710205600332e+07	   1.0479232448646524e+15	   1.0681986064119108e+15	   1.0910078101795312e+15	   1.1125588036581804e+15	   1.1329478668319745e+15	
   2.4287710205600332e+07	   1.1493108529573825e+15	   1.1645637196777620e+15	   1.1840900414319778e+15	   1.2025242306779912e+15	   1.2251901693753080e+15	
   2.4587710205600332e+07	   6.8689510950537288e+14	   7.0761071009644200e+14	   7.2860622401419350e+14	   7.4945715253053225e+14	   7.7128428829505450e+14	
   2.4887710205600332e+07	   1.6105587594077662e+15	   1.6264640604829882e+15	   1.6425960878093418e+15	   1.6588013092713010e+15	   1.6756402981889310e+15	
   2.5187710205600332e+07	   1.0032659220869378e+15	   1.0337454134311164e+15	   1.0486797708818136e+15	   1.4097869576524915e+15	   1.0884559361281925e+15	
   2.5487710205600332e+07	   1.2171866351041600e+15	   1.2359038902968075e+15	   1.2561224119260335e+15	   1.2752270526710388e+15	   1.2951406865983385e+15	
   2.5787710205600332e+07	   9.5255333069585375e+14	   9.7465847503917988e+14	   9.9547744531785300e+14	   1.0247682743149825e+15	   1.0530995710387606e+15	
   2.6087514707039203e+07	   1.4259279274174495e+15	   1.4393651723236415e+15	   1.4556412544697965e+15	   1.4748632356869062e+15	   1.4946547797557332e+15	
   2.6387514707039203e+07	   1.4161355686236135e+15	   1.4348542348685280e+15	   1.4562052583632750e+15	   1.4716698127787795e+15	   1.4916004665181722e+15	
   2.6687514707039203e+07	   1.2764456553963758e+15	   1.2960512610311882e+15	   1.3150768796255730e+15	   1.3344061886101665e+15	   1.3545387341009288e+15	
   2.6987383472343367e+07	   9.7902109436409000e+14	   9.9617669875257900e+14	   1.0132788396866274e+15	   1.0380269471705660e+15	   1.0588256652749525e+15	
   2.7287383472343367e+07	   1.2214202465224508e+15	   1.2413789795429432e+15	   1.2609438763625678e+15	   1.2812209037598150e+15	   1.3012604090961842e+15	
   2.7587383472343367e+07	   1.0913505926716465e+15	   1.1207271360404385e+15	   1.1340183187787775e+15	   1.1574389036696570e+15	   1.1825674239008545e+15	
   2.7887383472343367e+07	   1.1553513743552655e+15	   1.1760954719278812e+15	   1.1968312147443440e+15	   1.2164853490821802e+15	   1.2372092944805885e+15	
   2.8187383472343367e+07	   1.4528204897045955e+15	   1.4712180434957835e+15	   1.4902099716973645e+15	   1.5100220450524528e+15	   1.5294059328640912e+15	
   2.8487383472343367e+07	   9.5816769522546312e+14	   9.8149545509257175e+14	   1.0121636674594952e+15	   1.0299939305386436e+15	   1.0492980444737551e+15	
   2.8787299918653090e+07	   7.8133899852434012e+14	   8.1615878085092238e+14	   8.2637253328826438e+14	   8.5153401547521200e+14	   8.7377115899599388e+14	
   2.9087299918653090e+07	   1.0129752724738672e+15	   1.0351607635321365e+15	   1.0593131702802129e+15	   1.0891715864503000e+15	   1.1183102716345054e+15	
   2.9387299918653090e+07	   6.0245988694995912e+14	   6.2916877619559600e+14	   6.5945368483818450e+14	   7.0711375015230888e+14	   7.2248520042566400e+14	
   2.9687299918653090e+07	   9.4248622603082300e+14	   9.5337677617933938e+14	   9.8368878226082500e+14	   1.0042024377754246e+15	   1.0357971502903292e+15	
   2.9987299918653090e+07	   1.4238845547613572e+15	   1.4798432964892265e+15	   1.5180052419137190e+15	   1.5242008640123620e+15	   1.5430845809471010e+15	
   3.0287299918653090e+07	   1.3499752206286408e+15	   1.4068317454397925e+15	   1.4509972625019892e+15	   1.4909279363151212e+15	   1.5498630840479530e+15	
   3.0587299918653090e+07	   1.1878922278324555e+15	   1.2638273461883205e+15	   1.3417276989659392e+15	   1.3736728526794982e+15	   1.4179858539053275e+15	
   3.0887299918653090e+07	   8.4568267874976662e+14	   8.9418480524859725e+14	   9.5801327263538900e+14	   1.0341887415925669e+15	   1.0674103630186086e+15	
   3.1187299918653090e+07	   8.5013306698715162e+14	   2.4920592157053390e+15	   7.2905621752569875e+14	   8.0728577452959300e+14	   8.5612661005141300e+14	
   3.1487299918653090e+07	   2.7577648079577530e+15	   5.9751370189800138e+14	   6.5236868821509012e+14	   6.9672209020177775e+14	   7.8503751295988812e+14	
   3.1787299918653090e+07	   6.3642598345362290e+15	   6.0031290320718275e+14	   4.0071654253274988e+14	   4.6539913745646094e+14	   5.2017281536537044e+14	
   3.2087299918653090e+07	   6.3621111364265810e+15	   1.4331702908936720e+15	   3.0447813669554875e+14	   3.1314894473115088e+14	   3.2371460079525369e+14	
   3.2387299918653090e+07	   5.9228369414554220e+15	   3.6985216491871170e+15	   7.4886131877652300e+14	   3.2775401412467200e+14	   3.3665105498316425e+14	
   3.2687299918653090e+07	   5.0070747415040310e+15	   4.3122961112670695e+15	   4.0344862637143544e+14	   7.6259952352176262e+14	   2.6548513309868759e+14	
   3.2987299918653090e+07	   2.5508951644137100e+15	   1.4623679978594010e+15	   3.4822164859023756e+14	   3.6015694383204556e+14	   3.6901994037822262e+14	
   3.3287299918653090e+07	   2.1879579021078920e+15	   2.5660942746902075e+15	   2.1458048122960350e+15	   3.2618612186617169e+14	   3.3575518145870856e+14	
   3.3433439569874376e+07	   4.1814531718859560e+16	   2.8448599970030792e+16	   5.2860740400503280e+16	   6.2463382697489660e+15	   6.3293911385808080e+15	
   3.3549134113805212e+07	   5.4482969228075328e+16	   3.7662897626594088e+16	   3.3996409630635396e+16	   2.3393357350232120e+16	   1.2906996836704364e+16	
   3.3662038629280895e+07	   4.6239527696539464e+16	   4.6267248933174096e+16	   3.5078442205130660e+16	   2.7601291486391232e+16	   2.0322880337360168e+16	
   3.3801958328335151e+07	   3.0138846915855604e+16	   3.0126903156075336e+16	   3.0131830041200392e+16	   3.0115917239392520e+16	   3.0116855032395172e+16	
   3.4004155712082893e+07	   1.6863144517151204e+16	   1.6891472905635988e+16	   1.6892684508832218e+16	   1.6888526779207910e+16	   1.6891640054018646e+16	
   3.4296430553599507e+07	   9.6313730008351660e+15	   9.6428629349103800e+15	   9.6410103050809080e+15	   9.6548521988999020e+15	   9.6546401853670040e+15	
   3.4596430553599507e+07	   6.6916632418714360e+15	   6.7002002050236910e+15	   6.7004153712252600e+15	   6.7050035152100820e+15	   6.7105970634400010e+15	
   3.4896430553599507e+07	   5.2017453756776970e+15	   5.2071784404793960e+15	   5.2124323820934300e+15	   5.2227298866479780e+15	   5.2327625093861960e+15	
   3.5196430553599507e+07	   4.3357333930717890e+15	   4.3249508135876285e+15	   4.3376171280376470e+15	   4.3394180992180430e+15	   4.3498487590807645e+15	
   3.5496430553599507e+07	   3.9516731926189535e+15	   3.9381051614135295e+15	   3.9481968990277750e+15	   3.9470575171462255e+15	   3.9511517525194015e+15	
   3.5796430553599507e+07	   3.6306327171689775e+15	   3.6165361310053680e+15	   3.6219107731097105e+15	   3.6308277345347085e+15	   3.6389117993291165e+15	
   3.6096430553599507e+07	   3.5252430530202600e+15	   3.5378687554008865e+15	   3.5247634614299420e+15	   3.5243119755668170e+15	   3.5275630013960400e+15	
   3.6396430553599507e+07	   3.4752768795842000e+15	   3.5255842082750460e+15	   3.4907748718102610e+15	   3.4917197813348065e+15	   3.4821277177481170e+15	
   3.6696430553599507e+07	   3.6485699854231265e+15	   3.6438130803456170e+15	   3.6365367964756535e+15	   3.6394862856174155e+15	   3.6430514016670775e+15	
   3.6996430553599507e+07	   3.8062268436610645e+15	   3.7775889531974285e+15	   3.7790128317802110e+15	   3.7832590820093960e+15	   3.7813073332605825e+15	
   3.7296430553599507e+07	   3.9644003723527690e+15	   3.9451005294580670e+15	   3.9587426464346350e+15	   3.9435124114356055e+15	   3.9448790895834940e+15	
   3.7596430553599507e+07	   4.0294757560302795e+15	   4.0028213955075360e+15	   4.0211909991468410e+15	   4.0024508653598645e+15	   4.0061196444411965e+15	
   3.7896391789687775e+07	   4.0044100444228700e+15	   3.9571399192622210e+15	   3.9434699770045240e+15	   3.9387977602366715e+15	   3.9406563496232490e+15	
   3.8196391789687775e+07	   3.8801125738036855e+15	   3.8704569837503715e+15	   3.8445666411761850e+15	   3.8223167257124660e+15	   3.8113333628295045e+15	
   3.8496391789687775e+07	   3.7565822573498215e+15	   3.7484382125661685e+15	   3.7611517063532170e+15	   3.7802020528898860e+15	   3.7429934466046690e+15	
   3.8796391789687775e+07	   3.8310400989487275e+15	   3.8091954191422590e+15	   3.8287658240577145e+15	   3.8221058867899345e+15	   3.8159887821308775e+15	
   3.9096391789687775e+07	   3.8895236418747870e+15	   3.8971167193965020e+15	   3.8972325687652480e+15	   3.9422977086320720e+15	   3.8822751828716680e+15	
   3.9396391789687775e+07	   3.9154372073374645e+15	   3.9198702116483510e+15	   3.9487098343944445e+15	   3.9289169803507170e+15	   3.9273407017222790e+15	
   3.9696391789687775e+07	   4.0578790746426955e+15	   4.0440010407949450e+15	   4.0671378423844145e+15	   4.0560291929302800e+15	   4.0905726846000625e+15	
   3.9996391789687775e+07	   3.8553630943760890e+15	   3.8350148625651205e+15	   3.8907588755805340e+15	   3.8436827819622290e+15	   3.8526369213364825e+15	
   4.0296391789687775e+07	   3.6025267203594635e+15	   3.6049837046746145e+15	   3.6421214340695885e+15	   3.6126971947741000e+15	   3.6155312269213500e+15	
   4.0596391789687775e+07	   3.3430469843290210e+15	   3.3258610392300865e+15	   3.3392526552228505e+15	   3.3223889723544480e+15	   3.3175633199794420e+15	
   4.0896391789687775e+07	   3.2663480249699085e+15	   3.2471485083525515e+15	   3.2362068167944640e+15	   3.2498254956061010e+15	   3.2516427903794470e+15	
   4.1196391789687775e+07	   3.2264742087087055e+15	   3.2186570894631530e+15	   3.2232004329582730e+15	   3.2299160805145560e+15	   3.2406446135380710e+15	
   4.1496391789687775e+07	   3.1115104478194425e+15	   3.1335069012185430e+15	   3.1041028371022380e+15	   3.1195313514174725e+15	   3.1047840024054480e+15	
   4.1796391789687775e+07	   2.9138543771765490e+15	   2.9455635363912405e+15	   2.8946278517169105e+15	   2.9014876396793950e+15	   2.9243500306630555e+15	
   4.2096391789687775e+07	   2.8295922946304915e+15	   2.7352305608460220e+15	   2.7685209621848310e+15	   2.7666463330359865e+15	   2.7587368815974720e+15	
   4.2396391789687775e+07	   2.5711195184168820e+15	   2.5494798301012680e+15	   2.5504512767325530e+15	   2.5507845953055020e+15	   2.5484679904815165e+15	
   4.2696391789687775e+07	   2.4541812767942665e+15	   2.4501693172832855e+15	   2.4385807549491950e+15	   2.4371304753803275e+15	   2.4441082156230000e+15	
   4.2996391789687775e+07	   2.3345333764702620e+15	   2.3455508971962665e+15	   2.3436407024681795e+15	   2.3381107127433310e+15	   2.3482078490202585e+15	
   4.3296391789687775e+07	   2.3184941459886445e+15	   2.3215610359121675e+15	   2.2901698630038625e+15	   2.3025562525372190e+15	   2.3096855138151345e+15	
   4.3596391789687775e+07	   2.1585143604551848e+15	   2.1653866152234715e+15	   2.1711984693815902e+15	   2.1985411303303788e+15	   2.1768591351187715e+15	
   4.3896391789687775e+07	   2.1158688917092785e+15	   2.1050523517734058e+15	   2.1596332994487995e+15	   2.1631718730894072e+15	   2.1198366844627492e+15	
   4.4196391789687775e+07	   2.1139393938776598e+15	   2.1042200433920165e+15	   2.1160460445380600e+15	   2.1392050410300455e+15	   2.1131423336987242e+15	
   4.4496391789687775e+07	   2.0261504423486642e+15	   2.0390554579661438e+15	   2.0249431268277282e+15	   2.0278833179012675e+15	   2.0453107029141422e+15	
   4.4796391789687775e+07	   2.0325027239418620e+15	   2.0564938235450332e+15	   1.9945099816582108e+15	   2.0086420424183790e+15	   2.0158510743881465e+15	
   4.5096391789687775e+07	   1.9649541699645572e+15	   1.9572831543702082e+15	   1.9887083582515100e+15	   1.9912786375131422e+15	   1.9500057853312202e+15	
   4.5396391789687775e+07	   1.9845934710917648e+15	   1.9845754420764735e+15	   1.9715861562201090e+15	   1.9841475192967735e+15	   1.9889391691729365e+15	
   4.5696391789687775e+07	   1.9553381541351122e+15	   1.9746710179791820e+15	   1.9535966262926818e+15	   1.9536444244027430e+15	   1.9526048711722588e+15	
   4.5996391789687775e+07	   1.8629307968822108e+15	   1.8623549663875860e+15	   1.8836670399675248e+15	   1.8907711543158398e+15	   1.8567007613564592e+15	
   4.6296391789687775e+07	   1.8199352214564190e+15	   1.8204103811238882e+15	   1.8677220417775370e+15	   1.8436495782827465e+15	   1.8203588227866222e+15	
   4.6596391789687775e+07	   1.8297282617152942e+15	   1.7854980477733840e+15	   1.7970965570110625e+15	   1.7891522441370342e+15	   1.8080697013905490e+15	
   4.6896391789687775e+07	   1.8369523595260012e+15	   1.7897014334632050e+15	   1.7414455644763790e+15	   1.7513853099761480e+15	   1.7430150433439035e+15	
   4.7196391789687775e+07	   1.7096002285588640e+15	   1.7031130640523220e+15	   1.7522788635400565e+15	   1.7073445651544395e+15	   1.7219880368525695e+15	
   4.7496391789687775e+07	   1.7303952973395428e+15	   1.7037007935824272e+15	   1.6551932818173598e+15	   1.6973094211347882e+15	   1.6530249295728295e+15	
   4.7796391789687775e+07	   1.6860795263812272e+15	   1.6031637212214765e+15	   1.5924071603870052e+15	   1.5884644107881292e+15	   1.5856466860874222e+15	
   4.8096391789687775e+07	   1.5788502877147155e+15	   1.5381677440355960e+15	   1.5187219939008648e+15	   1.5653931054299518e+15	   1.5253132735953038e+15	
   4.8396391789687775e+07	   1.5098281007929735e+15	   1.4689697155325895e+15	   1.5417286380847535e+15	   1.4888939107094250e+15	   1.5244270810118365e+15	
   4.8696391789687775e+07	   3.2057589178843475e+14	   3.3132973463149919e+14	   3.1650918791997369e+14	   3.1693839969722450e+14	   3.1766933376030731e+14	
   4.8996391789687775e+07	   4.3157265472179975e+14	   4.2352302090695844e+14	   4.1439292700923825e+14	   4.1205743322681169e+14	   4.1173974923956319e+14	
   4.9296391789687775e+07	   5.6327040161288388e+14	   5.7206317494906400e+14	   5.6397952433858300e+14	   5.6316700983298788e+14	   5.6297793115511825e+14	
   4.9596391789687775e+07	   6.1504939328824875e+14	   6.2273963623489188e+14	   6.1484511287317325e+14	   6.2137156482941138e+14	   6.1330000331879000e+14	
   4.9896391789687775e+07	   6.2486898467938362e+14	   6.2241698650953000e+14	   6.2294839427650275e+14	   6.1903639221671675e+14	   6.1743609303182388e+14	
   5.0196391789687775e+07	   7.0519978847945250e+14	   6.9840296480944488e+14	   7.0366592074361338e+14	   6.9554887546661338e+14	   6.9942715632081950e+14	
   5.0496391789687775e+07	   6.8117966963345712e+14	   6.8274724482645025e+14	   6.7364431792999275e+14	   6.6861279047086925e+14	   6.6911553828943212e+14	
   5.0796391789687775e+07	   6.9362044516382000e+14	   7.0218034001443325e+14	   6.9545361804837512e+14	   6.9495187631008750e+14	   6.9284119297423388e+14	
   5.1096391789687775e+07	   7.6344023212572088e+14	   7.5527212509832062e+14	   7.8116085338399888e+14	   7.6088185381142838e+14	   7.5637609180348175e+14	
   5.1396391789687775e+07	   6.7858876059926100e+14	   6.7464131381583725e+14	   6.7273598028065075e+14	   6.6869547639149375e+14	   6.7393483415099950e+14	
   5.1696391789687775e+07	   7.3531302224735612e+14	   7.3019219199624200e+14	   7.2584867184456462e+14	   7.2498481283360588e+14	   7.2517004512141962e+14	
   5.1996391789687775e+07	   7.1316968323468475e+14	   7.1124148996269688e+14	   7.1484176736311825e+14	   7.1218704136944500e+14	   7.1072647950381750e+14	
   5.2296322316240542e+07	   7.0319702816860400e+14	   6.9868640988347325e+14	   6.9802560362971425e+14	   6.9976471160968325e+14	   6.9851550686846925e+14	
   5.2596322316240542e+07	   7.0123670757851812e+14	   7.0610109437344900e+14	   7.0424744270580400e+14	   7.0830060661947288e+14	   7.0261593769353400e+14	
   5.7575638478353009e+07	   3.2564464510074644e+14	   3.2377956933622669e+14	   3.2361556243981000e+14	   3.2474830490919875e+14	   3.2328219617592406e+14	
   5.7699416614494495e+07	   3.0172452381159200e+14	   3.0111734105688931e+14	   3.0281506175226081e+14	   3.0097525984349862e+14	   2.9982987952820962e+14	
   5.7999416614494495e+07	   2.8421214643135306e+14	   2.8382986308883325e+14	   2.8438481201707200e+14	   2.8348010918575744e+14	   2.8255799798195662e+14	
   5.8299416614494495e+07	   2.4225542248768662e+14	   2.4193858564146488e+14	   2.4227198005338731e+14	   2.4112223371548206e+14	   2.3989616446271825e+14	
   5.8599416614494495e+07	   1.9950530153633362e+14	   1.9902133551721975e+14	   1.9905987768723644e+14	   1.9876382861777938e+14	   1.9864743165261156e+14	
   5.8899053140658133e+07	   1.4235097677366066e+14	   1.4194478900027359e+14	   1.4175918324770659e+14	   1.4207702593499166e+14	   1.4125570819574003e+14	
   5.9199043061377823e+07	   8.4680016011708031e+13	   8.4364333058320719e+13	   8.4289173365059875e+13	   8.4016601565771391e+13	   8.4162855784108828e+13	
   5.9499034842537969e+07	   2.9472479552790879e+13	   2.9367137792690418e+13	   2.9522372168745316e+13	   2.9782067508351770e+13	   2.9233543473868953e+13	
   5.9798987343377627e+07	   5.8960527331779709e+10	   1.8560776863847121e+13	   8.4919187096267266e+12	   9.6971453987421036e+10	   2.6067877021869327e+11	
   6.0098987343377627e+07	   2.2943315154179285e+13	   2.6491382377630094e+13	   2.3669170847269809e+11	   6.5680277185592289e+09	   7.2958852389745541e+09	
   6.0398987343377627e+07	   1.9926614241901988e+08	   1.2647183888948282e+11	  -2.5917382830958735e+07	  -7.0333686372542202e+07	  -2.7673584018901193e+08	
   6.0698987343377627e+07	   4.1611312704457255e+05	  -3.6297176509523392e+07	  -1.0781449149390820e+08	  -4.1185302579804814e+08	  -5.2603354996471620e+08	
   6.0998892449075408e+07	  -7.9672038248566270e+07	  -8.9210552542273164e+07	  -1.2648868208782937e+08	  -6.5136272905475068e+08	  -5.0258439341860425e+08	
   6.1298892449075408e+07	  -7.8873476230498835e+07	  -9.7497231072874576e+07	  -2.3024831090851307e+08	  -3.1832874878069973e+08	  -3.3786505150999880e+08	
   6.1598634183439605e+07	  -1.3552897357118732e+08	  -1.4780608220065179e+08	  -1.8486737081805128e+08	  -3.2342243551474524e+08	  -1.8876010569132607e+09	
   6.1898617279129110e+07	  -1.9496323433188748e+08	  -2.4711196012906137e+08	  -3.7006812845391089e+08	  -4.6699945702574062e+08	  -3.8267360730993295e+08	
   6.2198437603585482e+07	  -2.5203351390555921e+08	  -4.8149754514147758e+08	  -5.9919886109591329e+08	  -1.9182760848873968e+09	  -2.1784438176411433e+09	
   6.2498437603585482e+07	  -2.5029618946108809e+09	  -5.3138570451679653e+08	  -5.9513987402767253e+08	  -2.0300180136500514e+09	  -2.7408493701392980e+09	
   6.2798421862341538e+07	  -1.2811696880386586e+09	  -5.3523983373822749e+08	  -8.8294777743055797e+08	  -7.4402417219406545e+08	  -2.4308562471498461e+09	
   6.3098410048684254e+07	  -4.7501580462110710e+08	  -1.2601249852469704e+09	  -1.2732713002072318e+09	  -1.3206861564009314e+09	  -4.9410964678924757e+08	
   6.3398408331765294e+07	  -1.1046140778659883e+09	  -3.8245425328733330e+09	  -9.0887388674958515e+08	  -6.7710392168256080e+08	  -4.4089188903883785e+08	
   6.3698408331765294e+07	  -8.3488078779399598e+08	  -7.7536636417324162e+08	  -3.9244038393535870e+08	  -3.6548994976516461e+08	  -4.0834459224386686e+08	
   6.3998255843577750e+07	  -4.0966786555137992e+08	  -7.6178778162992406e+08	  -4.9934722116805315e+08	  -4.2821170561110026e+08	  -4.5406106709550774e+08	
   6.4297905286224887e+07	  -4.1237828502596873e+08	  -6.9385905432694530e+08	  -2.9571841146698159e+08	  -3.0070404431561142e+08	  -3.9032133233218259e+08	
   6.4597676897077538e+07	  -3.0243891146378368e+08	  -2.9972390191777468e+08	  -3.4491931027677965e+08	  -3.0253481152135462e+08	  -3.0074294754909450e+08	
   6.4896942923335284e+07	  -6.7515913716923356e+08	  -2.7434501391304183e+08	  -2.7427636429804218e+08	  -2.8546847159079671e+08	  -3.4000074455437458e+08	
   6.5196575539520778e+07	  -2.7129139259456450e+08	  -2.7492979464866072e+08	  -2.7683684731941491e+08	  -4.8144895506414205e+08	  -4.6691666602616382e+08	
   6.5495928121819749e+07	  -3.4742791090152389e+08	  -3.3822872992882746e+08	  -4.4929754335906368e+08	  -4.2211405319794244e+08	  -9.3989168098037243e+08	
   6.5795055565717980e+07	  -2.9663414276140851e+08	  -2.8652993921748060e+08	  -5.0266257977710974e+08	  -5.8256008546075201e+08	  -4.9599982758893263e+08	
   6.6094230837405361e+07	  -2.3832273861644650e+08	  -3.4658897937629640e+08	  -3.6643178438009262e+08	  -1.0589944251323017e+09	  -3.6981811807517874e+08	
   6.6393388483879596e+07	  -2.4018258364392623e+08	  -5.3787431240638244e+08	  -5.0635444706474525e+08	  -5.2433666130107766e+08	  -4.7106324534923500e+08	
   6.6693012228953779e+07	  -3.2937052686242527e+08	  -6.7494712299427652e+08	  -2.9880058817192763e+08	  -3.8286934749258983e+08	  -2.5388090347819859e+08	
   6.6992985470961764e+07	  -4.8411097793416185e+09	  -4.9967452533617377e+08	  -6.6826241059544873e+08	  -5.3366760330072153e+08	  -2.5438600195147586e+08	
   6.7292275344702646e+07	  -6.7410666058249903e+08	  -4.5009518498077452e+08	  -4.0908486448703527e+08	  -2.1925602135700721e+08	  -2.2482904812694147e+08	
   6.7591400266658768e+07	  -6.6575373339387321e+08	  -2.2825328504137272e+08	  -3.3744157057888710e+08	  -2.7005369958804107e+08	  -4.3719248524366945e+08	
   6.7890625809586301e+07	  -4.0266482280029726e+08	  -1.9442000005356014e+08	  -1.8272710915680665e+08	  -1.4347457689527014e+08	  -1.4525111614279553e+08	
   6.8188484424691573e+07	  -2.3823205910679755e+08	  -1.8433099409668812e+08	  -2.9068451067943513e+08	  -2.0365195009140089e+08	  -2.7856585927759415e+08	
   6.8487290077378556e+07	  -1.5042599480457258e+08	  -2.0442248278625372e+08	  -3.0703942835602289e+08	  -2.2566029333605555e+08	  -2.1816209288718000e+08	
   6.8786604015844598e+07	  -2.1506044479720759e+08	  -2.4774021057279322e+08	  -2.1801984265355289e+08	  -2.7522629224774474e+08	  -2.2275900590348262e+08	
   6.9085469630526081e+07	  -2.2446030453755558e+08	  -1.7262790013541669e+08	  -2.3513065128496507e+08	  -2.4146279784182358e+08	  -2.9497805680585635e+08	
   6.9385054826839671e+07	  -2.4684908273114622e+08	  -1.5058873089052707e+08	  -1.8847487190094507e+08	  -2.8928273804649872e+08	  -1.8775290479183638e+08	
   6.9684687014102742e+07	  -1.4214958669694412e+08	  -1.9065991450016785e+08	  -2.5033029686344048e+08	  -2.2284009950931150e+08	  -2.2008768375626853e+08	
   6.9983653152087763e+07	  -1.4410749177888140e+08	  -1.7070569765123287e+08	  -1.5529216400283048e+08	  -1.8756200072788811e+08	  -1.3339415692178701e+08	
   7.0282918915580511e+07	  -1.6639930112371823e+08	  -1.6916644600062600e+08	  -1.6836383241283295e+08	  -1.2618962977277143e+08	  -2.1632672488237166e+08	
   7.0582503814515531e+07	  -1.9259213633610174e+08	  -1.7094040495771110e+08	  -1.3448454671554482e+08	  -2.2449418470325759e+08	  -1.4871170051413026e+08	
   7.0881915764096901e+07	  -2.4203750515560606e+08	  -1.8083342463822323e+08	  -1.6101472999980327e+08	  -1.2716315985703589e+08	  -1.9778321837685540e+08	
   7.1180664074516341e+07	  -2.0898844674503332e+08	  -1.7933450481026435e+08	  -1.5953486322630805e+08	  -1.1464812930003624e+08	  -1.6506052642360365e+08	
   7.1480197018218100e+07	  -1.6565902236869407e+08	  -1.3659805337378025e+08	  -1.1602696875577372e+08	  -1.7929837643948287e+08	  -1.2110336810384591e+08	
   7.1779999127793908e+07	  -1.5112519215077770e+08	  -1.3424190906339371e+08	  -1.5559913722617790e+08	  -2.6707893782960936e+08	  -8.5943398856923655e+07	
   7.2079774351907179e+07	  -1.6174533789492455e+08	  -1.2067304408079132e+08	  -7.6351493619048581e+07	  -9.7562099759988070e+07	  -8.7058442576995403e+07	
   7.2377696392505363e+07	  -1.1859412012120847e+08	  -7.5373630458270207e+07	  -8.1753878939617977e+07	  -6.4839557625366762e+07	  -7.5625207647479847e+07	
   7.2677449685824901e+07	  -7.3503089722511947e+07	  -3.0800421725476652e+08	  -5.6933699315278709e+07	  -7.3666937820305675e+07	  -9.0211070393315658e+07	
   7.2976813562714010e+07	  -7.5468821918107018e+07	  -6.1291345087731913e+07	  -7.1120300455905810e+07	  -7.4297453603560686e+07	  -7.3187694051367551e+07	
   7.3275379351960272e+07	  -5.9411796423909269e+07	  -6.2591302748367034e+07	  -6.9210490336801454e+07	  -6.9753765582245380e+07	  -8.7578948363937795e+07	
   7.3574283147572741e+07	  -7.2634499148456514e+07	  -7.4254567660787627e+07	  -7.8337936616238713e+07	  -7.5137095261756703e+07	  -9.4498617941577345e+07	
   7.3873944268458202e+07	  -7.4217554064928934e+07	  -7.2955372936153859e+07	  -9.0947902489828035e+07	  -8.1344785673500061e+07	  -9.3481485627469629e+07	
   7.4171823091857031e+07	  -5.3852138774222486e+07	  -7.0393293628675416e+07	  -7.1259697844728753e+07	  -5.9099966396651700e+07	  -4.7241697109046990e+08	
   7.4471232804522440e+07	  -7.1928941417770356e+07	  -5.6278009614627153e+07	  -5.6296046312562346e+07	  -1.2017167368378550e+08	  -2.3360394725324133e+08	
   7.4770541671675757e+07	  -5.7988650448481277e+07	  -6.6620957767399244e+07	  -8.3043641945027903e+07	  -1.7893443689940503e+08	  -1.1934101293920434e+08	
   7.5067584105839327e+07	  -5.4647290542957842e+07	  -5.5039473627259962e+07	  -1.6198367900979963e+08	  -1.4940128874970308e+08	  -7.2757886435265914e+07	
   7.5366537104683995e+07	  -4.9139982539368980e+07	  -6.9245652511554554e+07	  -1.7026101235689479e+08	  -8.3418821400418058e+07	  -6.9916798337129876e+07	
   7.5665910111158133e+07	  -6.8210073136558443e+07	  -8.8236211543703645e+07	  -1.0145636861633419e+08	  -9.3396299101900443e+07	  -9.5205231864125535e+07	
   7.5965795691924572e+07	  -1.7332358478233841e+08	  -1.8469545548575184e+08	  -1.0147704659107900e+08	  -1.3175680478878112e+08	  -6.6626463303017184e+07	
   7.6264533160390571e+07	  -1.2195427473949264e+08	  -1.5465166222112551e+08	  -7.3457892583439037e+07	  -8.3095329690415144e+07	  -8.4915327902888045e+07	
   7.6562826956244186e+07	  -5.0897989919203378e+07	  -4.5931431240433514e+07	  -8.5132543330201477e+07	  -1.1021507297651383e+08	  -7.3005419101112306e+07	
   7.6862744926818803e+07	  -3.6114433359658770e+07	  -4.3890529503380962e+07	  -4.6812300015005052e+07	  -6.6742950409714304e+07	  -5.9313082893854551e+07	
   7.7162540530071333e+07	  -5.3083550623213820e+07	  -2.2706346255023497e+08	  -7.0811779222850516e+07	  -9.1112604034640878e+07	  -6.5326796583307877e+07	
   7.7461620860164672e+07	  -4.9472562453232788e+07	  -4.1688461980284199e+07	  -5.6120421515991017e+07	  -5.9386998987741977e+07	  -6.2255351360579073e+07	
   7.7759747204673916e+07	  -4.1785450990740873e+07	  -8.0934351825959891e+07	  -6.8183828230229601e+07	  -7.5221695142234743e+07	  -7.6741430467211023e+07	
   7.8059364734293088e+07	  -8.7212460745236024e+07	  -5.1262466698486686e+07	  -6.5771055737365909e+07	  -6.3710486649883039e+07	  -5.8327925263007022e+07	
   7.8358863954329118e+07	  -4.2201027131731063e+07	  -5.2043864447014950e+07	  -6.0819916706429482e+07	  -6.5264895789865814e+07	  -4.9336899379439324e+07	
   7.8658108066841975e+07	  -4.4927371263278522e+07	  -4.3632418596645556e+07	  -5.3114507784740619e+07	  -6.0898544292841159e+07	  -9.3681277483553275e+07	
   7.8957278375493750e+07	  -5.6076121132262148e+07	  -5.5999338142238110e+07	  -7.9441851055496827e+07	  -6.7759837432281926e+07	  -4.1054322139175802e+07	
   7.9255712110811859e+07	  -3.9434732139675416e+07	  -4.9765124132188149e+07	  -8.6503483526051790e+07	  -1.1654120369289961e+08	  -2.0543029172315720e+08	
   7.9554784419315800e+07	  -4.5496535823268585e+07	  -6.1219336479582101e+07	  -9.3037687626812950e+07	  -1.3699801062054053e+08	  -1.0944340871883126e+08	
   7.9854571748993382e+07	  -4.5165257632091701e+07	  -9.3594268465139925e+07	  -1.1702768034679742e+08	  -9.5526565745070308e+07	  -1.5059916164175427e+08	
   8.0153099842332244e+07	  -8.2428945319655389e+07	  -6.4375571290892862e+07	  -1.4757606029963800e+08	  -6.0727455574824631e+07	  -1.1126343145461293e+08	
   8.0451175215506062e+07	  -7.9798335940630093e+07	  -1.1061271895958939e+08	  -1.3720889791166112e+08	  -1.0122581294652183e+08	  -8.3350647921141848e+07	
   8.0748725038120568e+07	  -7.9299792615436003e+07	  -1.0617660560500894e+08	  -1.0093154447759795e+08	  -9.5230658231155708e+07	  -8.2194702855525553e+07	
   8.1045921923742324e+07	  -6.6450454646090470e+07	  -1.0989932352172834e+08	  -8.4343084168766156e+07	  -7.3013379646327913e+07	  -1.0313885429360008e+08	
   8.1343112125814736e+07	  -1.1190054626615991e+08	  -7.5386236776573271e+07	  -9.7164844626849085e+07	  -1.1160091102312639e+08	  -7.7970930277238339e+07	
   8.1642371577004507e+07	  -6.7561505055047929e+07	  -8.7297974143670648e+07	  -8.6767581077066466e+07	  -5.6035929525082611e+07	  -1.6631937870514068e+08	
   8.1940487025359228e+07	  -5.7534730575556904e+07	  -1.2943202181052528e+08	  -9.0975997270221531e+07	  -2.2354701723708788e+08	  -7.3967904174443260e+07	
   8.2238675197793767e+07	  -8.4599423063597813e+07	  -1.0309058858723369e+08	  -1.6145399868585065e+08	  -1.1358220547315916e+08	  -1.1477166005803117e+08	
   8.2537393991945058e+07	  -7.3586446800174907e+07	  -1.0024898459596258e+08	  -2.4438350032279053e+08	  -7.4049034882124901e+07	  -4.4273296842079170e+07	
   8.2833956249608129e+07	  -7.5300069486346141e+07	  -1.3233611208440107e+08	  -1.9071018622590649e+08	  -6.3319670540595874e+07	  -3.6440212205879629e+07	
   8.3130034896710381e+07	  -1.5443984707310823e+08	  -1.1911474515197572e+08	  -9.6789531233986646e+07	   7.5632534954812089e+06	  -3.1739531868203074e+07	
   8.3428493490881979e+07	  -1.9986276959325987e+08	  -1.2816787139009948e+08	  -2.2402155448145050e+08	  -8.8045688990865573e+07	  -6.3318303355743386e+07	
   8.3724081983499005e+07	  -1.1150743308610633e+08	  -1.3196726439645660e+08	  -1.2603518357453696e+08	  -5.1327540164576000e+08	   4.2731239074368513e+08	
   8.4019675729742944e+07	  -9.2387843649855271e+07	  -2.1601733483766133e+08	  -7.1511235208851814e+07	   2.6676121383322541e+07	   5.3903121582191505e+09	
   8.4313656277256981e+07	  -1.7039131579632214e+08	  -1.0825119616457345e+08	  -7.6148079749870598e+07	  -4.9036741845397621e+07	   2.7547879711928925e+10	
   8.4610879731944218e+07	  -9.8699029309790611e+07	  -1.1603229940784256e+08	  -5.9821987437421687e+07	   3.8491115913065946e+08	   2.2420708927821368e+08	
   8.4909065434498861e+07	  -1.6022821341600984e+08	  -1.0450421146328436e+08	  -1.4394908040634713e+08	   1.0602201902696799e+08	   1.9635244213449441e+07	
   8.5207119920053869e+07	  -1.9208596000591266e+08	  -1.4769675785030147e+08	  -8.7233152560663432e+07	  -1.4923667948390301e+07	   3.1997597301400471e+06	
   8.5501204308248401e+07	  -1.3162439414098780e+08	  -1.6436362086086994e+08	  -5.2117622081408508e+07	  -8.5695988821349163e+06	  -1.4145415670434871e+08	
   8.5798694813322470e+07	  -1.7233717037573355e+08	  -1.4822780702317253e+08	  -7.1372951244034797e+07	  -4.0885696089011919e+08	  -4.2711885608249240e+07	
   8.6093589700172767e+07	  -1.1316358349841312e+08	  -6.3782252269357257e+07	  -3.6712888131004266e+07	  -4.4402606706024952e+07	  -3.5092436737035446e+07	
   8.6388706877477571e+07	  -1.2304616074529800e+08	  -1.2554872415406480e+08	  -7.0593037699066862e+07	  -3.9333721778312951e+07	  -5.3220173719572939e+07	
   8.6683469226136923e+07	  -4.0045523112580523e+07	  -2.2704346915419236e+07	  -3.8301322258543722e+07	  -6.2929975797872432e+07	  -8.0481775128272116e+07	
   8.6970391733695984e+07	  -3.8616431180878103e+07	  -4.9147336905698746e+07	  -4.6764359835611857e+07	  -1.0325902318237563e+09	  -1.2635780054999794e+08	
   8.7264249999986872e+07	  -4.3924183196662001e+07	  -3.7285377275598064e+07	  -1.9343193648352039e+08	  -5.1525616293335989e+07	  -5.9481283494261868e+07	
   8.7556688547260448e+07	  -4.3939394610352628e+07	  -4.4538279362415783e+07	  -4.3818499562085874e+07	  -9.7323557400658593e+07	  -4.0641618827800401e+07	
   8.7851591812688887e+07	  -4.5822890848951496e+07	  -6.3348196378963627e+07	  -8.7163535851731360e+07	  -4.5306369319072165e+07	  -9.1875535976866022e+07	
   8.8145596193216443e+07	  -1.7930452778706679e+08	  -2.3217880570568815e+08	  -6.0012773548044018e+07	  -6.1413178977780962e+08	  -1.5648212058267623e+08	
   8.8437847775758147e+07	  -6.0866173357558474e+07	  -6.1647501838082977e+07	  -2.3308708513204592e+08	  -1.3968456086624724e+08	  -3.8479041684981024e+08	
   8.8722707100328818e+07	  -3.9810734945126772e+07	  -5.9791451115544662e+07	  -2.9572165527981639e+08	  -1.5221857419177979e+08	   2.2442477158244655e+07	
   8.9002267014657915e+07	  -5.5385479925951503e+07	  -7.0841348839013651e+07	  -1.1201160249662918e+08	   3.3370792340107523e+06	   7.2825317001270306e+08	
   8.9287305646521792e+07	  -7.4336736571431801e+07	  -5.0062330245260105e+07	  -1.0596647413571209e+08	  -7.9540791647322670e+07	   2.7498498533265114e+08	
   8.9561834138686970e+07	  -3.9150642204287872e+07	  -4.7173969607491694e+07	   2.0285843335364617e+06	   7.1531867771221161e+07	   1.1470909621338549e+10	
   8.9848238838326827e+07	  -6.1082402475194596e+07	  -6.5074889827671215e+07	  -1.5469436139148096e+07	   1.6999164394193959e+08	   8.6491951100500190e+08	
   9.0119999801976189e+07	  -6.1947525712853827e+07	  -5.4712880984743260e+07	  -3.3140429649076067e+07	   3.4914021469442290e+08	  -3.8440587630660430e+07	
   9.0382808385627478e+07	  -5.7795423021670662e+07	  -1.9615564552669931e+07	  -1.0939775195869213e+08	  -1.2547757010716800e+08	  -8.3634711044397891e+08	
   9.0646258437853321e+07	  -2.5281090043297496e+07	  -4.9730862274429530e+07	  -2.9982583781631529e+07	  -5.9942349281827164e+08	  -1.0879808792491269e+08	
   9.0911958343734577e+07	  -6.4859739409520537e+07	  -2.1269286854521489e+08	  -2.5518050008739956e+07	  -1.4725272447442979e+08	  -6.9939143549457043e+07	
   9.1185431600944623e+07	  -6.1836474312473571e+08	  -2.9889733283671659e+08	  -9.3403548529315054e+07	  -4.8980323208070379e+08	  -5.3846526712989673e+07	
   9.1455078003974259e+07	  -7.5072165280807182e+07	  -1.3622838856192997e+08	  -5.9756821170358002e+08	  -4.6876265244585268e+07	  -3.3357019752414685e+07	
   9.1730336526460111e+07	  -1.0489125103614826e+09	  -6.4600836693506908e+08	  -4.1561215001773424e+07	  -5.4528582029920205e+07	  -2.7711948846696880e+07	
   9.2011464000425622e+07	  -2.2596794734175181e+08	  -2.2826009877365229e+08	  -4.9377579448936559e+07	  -6.0481149684078477e+07	  -3.9331951504716754e+07	
   9.2294116905663535e+07	  -2.4990180003884524e+08	  -2.3119737054136094e+08	  -4.0724636105967663e+07	  -4.1711452822820380e+07	  -2.4680616890637174e+07	
   9.2553685794953510e+07	  -4.7847320459104717e+07	  -4.0896475612969086e+07	  -1.6116243490995476e+08	  -5.2201007479168460e+07	  -4.3879171503954418e+07	
   9.2825787405788675e+07	  -3.8818268648020357e+07	  -6.3886515513142042e+07	  -9.0399034145045832e+07	  -1.0947145125134856e+07	  -4.8888988509549163e+07	
   9.3089715337712035e+07	  -4.0484391552741095e+07	  -4.0470379936323792e+07	  -2.8738773018147681e+07	  -3.8224216728532486e+07	  -2.8268977682082944e+07	
   9.3366156733201995e+07	  -1.5601095578569275e+08	  -3.6914022450045310e+07	  -5.6188319400204569e+07	  -3.7925843335096568e+07	  -2.4971941352334282e+08	
   9.3645834362867311e+07	  -8.3723675529197872e+07	  -6.5074791576600805e+07	  -5.2432261146198869e+07	  -4.2631281415552944e+08	  -4.3581819406686115e+08	
   9.3919371377131566e+07	  -3.9111805362518489e+07	  -4.0595423704380013e+07	  -4.1753365322877280e+07	  -4.6136016349459684e+08	  -2.0503945733487970e+08	
   9.4193638163245529e+07	  -3.8610400510239244e+07	  -3.7348486861554556e+07	  -4.1704034041500010e+07	  -4.8415798996458191e+08	  -3.0386486343183562e+07	
   9.4463432458779901e+07	  -3.0164756069646761e+07	  -5.9359565393592551e+07	  -4.9976681341096884e+08	  -4.8793744127528298e+08	  -9.7894666058894888e+07	
   9.4718791587974012e+07	  -4.9590898428210333e+07	  -5.7901551072510116e+07	  -3.0348688745030260e+08	  -3.9423446689079136e+07	  -4.3215239617154151e+07	
   9.4972628676450953e+07	  -1.2062872501383893e+09	  -2.4751255934918940e+08	  -3.1665357968248513e+07	  -1.0312732905249637e+08	  -3.9437477073549241e+08	
   9.5235498992835402e+07	  -4.8175287792879038e+07	  -2.4125675144679120e+08	  -4.5755512225657716e+07	  -3.4283211984034926e+08	  -2.8184507111867106e+08	
   9.5513782047088817e+07	  -1.0252496550227198e+08	  -4.4761799978440456e+07	  -2.6451977518248266e+08	  -6.8593094494591177e+07	  -4.3563314785726410e+08	
   9.5765461251047224e+07	  -4.1783019592214979e+07	  -1.9969599047726738e+08	  -5.1968623141355857e+07	  -9.1656972549637988e+07	  -1.5452097769145823e+08	
   9.5994240714660108e+07	  -3.8877058434131488e+07	  -1.6731619828303826e+08	  -2.5829546753011641e+08	  -4.2375576696408236e+08	  -1.1701149764787567e+08	
   9.6244717545764759e+07	  -2.1152495991784841e+08	  -6.4408674029633477e+07	  -5.3195770494011708e+07	  -1.0140750692832261e+08	  -1.5974970980360654e+08	
   9.6511142076363862e+07	  -2.1022202297916201e+08	  -2.9957849723770577e+08	  -2.3806982276376981e+08	  -3.5069857168883848e+08	  -2.0489322954221380e+09	
   9.6776590994703442e+07	  -1.5198281954021585e+08	  -4.0402632775751501e+08	  -1.8221718497837994e+08	  -3.4665829322872657e+08	  -1.8872971804618955e+08	
   9.7052568049469829e+07	  -4.4213618250502050e+07	  -6.8349249121420598e+08	  -2.8335627917044646e+08	  -2.9029956784063762e+08	  -5.2483871961826134e+08	
   9.7299065246531084e+07	  -4.9034738143687181e+07	  -7.6046055287611872e+07	  -2.1524616163258305e+08	  -2.2290299330255413e+08	  -2.1882935389473510e+09	
   9.7572883795839891e+07	  -2.2846560229036099e+08	  -3.5236440386093050e+08	  -3.3843905999867678e+08	  -3.4397413718225771e+08	  -2.1399839339192281e+09	
   9.7820191337046057e+07	  -6.5007776461884268e+07	  -2.6052546268453759e+08	  -2.1480767787762737e+08	  -1.6327571235904071e+08	  -2.0231893213949616e+09	
   9.8059411497822151e+07	  -6.8910220411074388e+08	  -2.5243590405415344e+08	  -2.6447297462046328e+08	  -2.9710918217544580e+08	  -4.6889467543907017e+08	
   9.8312017370314062e+07	  -1.3147514233485861e+09	  -9.9116162283764100e+08	  -2.4127657969724405e+08	  -2.8044826271946794e+08	  -1.7078234041949780e+09	
   9.8546841790607184e+07	  -2.4853108731065135e+09	  -2.4766479712417960e+08	  -2.0013093507130665e+08	  -2.4989127728627172e+08	  -1.9506169750798368e+08	
   9.8795974155465990e+07	  -6.3682605832276058e+08	  -2.3001337416550475e+08	  -1.7139629494367555e+08	  -2.3614578221799007e+08	  -2.0454667255447090e+09	
   9.9059751532686442e+07	  -2.5430584774890113e+09	  -2.0446875324355736e+08	  -1.8212923274445099e+08	  -2.0610450800021523e+08	  -9.7573502174360287e+08	
   9.9311446380487859e+07	  -2.9107335591277037e+09	  -2.1252389284478772e+08	  -2.1767452087110308e+08	  -1.5290713072703078e+08	  -1.2336263756401772e+09	
   9.9585793042413607e+07	  -2.0788859513935950e+09	  -1.1748148366439827e+08	  -1.8560298816945603e+08	  -2.1528897311152402e+08	  -3.4089806594595897e+08	
   9.9853970815196455e+07	  -2.2108726749749565e+09	  -2.1991864815666423e+09	  -1.9215945242977935e+08	  -2.3593860142994922e+08	  -2.1924628531253952e+08	
   1.0010200059315211e+08	  -1.9986226709195271e+09	  -1.9061781463485885e+08	  -1.8453635262469736e+08	  -2.0851249720787364e+08	  -2.4589597948342940e+08	
   1.0036209514073001e+08	  -1.9020275601376219e+09	  -2.2679432141969175e+09	  -2.1123220550534904e+08	  -2.4871186249117389e+08	  -1.9973528759002140e+08	
   1.0061616620627402e+08	  -9.0297633448120081e+08	  -2.4942043120659450e+08	  -1.7520496564509284e+08	  -2.0630003281221312e+08	  -2.4397811073024982e+08	
   1.0086905388538647e+08	  -1.4747076045376151e+09	  -2.3454794495435709e+08	  -2.2887576347024220e+08	  -5.8526639590731394e+08	  -2.2617843729849759e+08	
   1.0111530844013031e+08	  -1.2876264272900940e+08	  -2.0816441724979278e+08	  -1.8206697550262597e+08	  -2.0151898799149411e+09	  -1.8275380025209773e+08	
   1.0136575531639543e+08	  -1.8430889585171053e+09	  -2.8324891442933726e+09	  -1.8386640784792736e+08	  -2.4834872039944124e+09	  -1.9775950569991383e+08	
   1.0162464541591547e+08	  -2.1911326776001673e+09	  -1.9262242026301837e+08	  -1.8861888369405627e+08	  -2.4805870179701490e+09	  -1.8183993375363216e+08	
   1.0187197399093059e+08	  -1.1667318200529397e+09	  -8.2386375776019764e+08	  -1.6791808899961904e+08	  -8.0554534254355943e+08	  -1.9546103097160849e+08	
   1.0214072470729834e+08	  -3.9398074813932055e+08	  -2.2401236348674192e+09	  -1.8927699094622791e+08	  -3.4359735677830106e+08	  -2.2325614341801658e+08	
   1.0240525501927833e+08	  -1.9234087378610218e+08	  -1.7038873730824980e+08	  -1.5688758816671386e+08	  -1.8172916374130240e+08	  -1.6701189591005751e+08	
   1.0264560950632446e+08	  -2.6722243778818202e+09	  -1.5730546046235934e+08	  -1.4547378901291636e+08	  -2.2195658507515925e+08	  -1.5811272942536843e+08	
   1.0290426950687739e+08	  -2.2508521757582092e+09	  -4.3882659669774914e+08	  -1.6070086160170564e+08	  -2.2858979959806016e+08	  -1.6670077812928843e+08	
   1.0315588994536762e+08	  -1.7432090151687534e+09	  -2.4372597175291319e+09	  -1.5441625200393280e+08	  -1.9553963991202161e+08	  -1.6514626562152794e+08	
   1.0340790754332384e+08	  -1.0630544067811964e+09	  -8.8607888868933737e+08	  -1.4804990930242336e+08	  -1.6951041107638803e+08	  -1.8234356833515140e+08	
   1.0367659424005498e+08	  -3.9852098658067489e+08	  -1.3901542373030806e+08	  -1.3386047438744682e+08	  -1.7703173001077354e+08	  -1.4625530733482382e+08	
   1.0394837847420818e+08	  -8.1971954370963717e+08	  -1.3889874859654120e+08	  -1.5942503090150449e+08	  -2.0381339458874220e+08	  -1.6639448276518327e+08	
   1.0419767222325455e+08	  -4.1684626456578094e+08	  -1.8175985372073311e+08	  -1.6159201987065184e+08	  -1.5778453076658443e+08	  -1.5217032143280452e+08	
   1.0445921065033613e+08	  -8.4470767932346359e+07	  -1.4735732465089974e+08	  -1.0930153352520524e+08	  -1.2476418264550205e+08	  -1.4282136280153662e+08	
   1.0471944551997440e+08	  -6.5062982211197233e+08	  -1.9192646221799865e+08	  -1.2901552952239862e+08	  -1.5030729510429218e+08	  -1.7159554594692454e+08	
   1.0498757526043710e+08	  -1.5735408085502326e+08	  -1.8593744124918583e+08	  -1.5053465733023104e+08	  -1.4249209196387085e+08	  -1.0909653200544883e+08	
   1.0523122215268111e+08	  -1.2285168681385079e+08	  -1.7672770773859993e+08	  -1.3966813102738404e+08	  -1.4201434720190156e+08	  -1.0192603560687494e+08	
   1.0548632681089717e+08	  -1.5154771912810550e+09	  -1.5222798215243313e+08	  -1.5129961202896133e+08	  -1.1513511224709311e+08	  -9.2220374064518586e+07	
   1.0575589890104060e+08	  -4.1339834379529347e+09	  -1.3609995248686349e+08	  -1.3252575916344780e+08	  -1.3205882051548454e+08	  -1.2264955792937410e+08	
   1.0601761869090259e+08	  -9.2411314962962031e+07	  -8.4735065583310634e+07	  -1.2986363397823605e+08	  -1.1090526056195986e+08	  -1.2375114838583052e+08	
   1.0629432984653626e+08	  -1.3848941611425197e+08	  -1.5327750242753771e+08	  -1.1618152836281691e+08	  -1.1763008644431597e+08	  -1.2417082648185386e+08	
   1.0655536739569722e+08	  -1.3504518091204682e+08	  -1.2737464215967591e+08	  -1.0041751085385792e+08	  -1.0616084454947641e+08	  -9.2978085920687646e+07	
   1.0680492172103132e+08	  -8.4655617878420189e+07	  -1.3086664974051601e+08	  -1.4350945643084362e+08	  -1.1478082641844060e+08	  -9.5212904875470370e+07	
   1.0707071222227725e+08	  -8.9162059604356721e+07	  -1.2844565259635277e+08	  -1.6036133553608665e+08	  -1.2431874180416833e+08	  -1.1603102192291321e+08	
   1.0733409693870839e+08	  -4.1586019261658287e+09	  -1.4674004424918452e+08	  -1.6024162978856799e+08	  -1.3097366614457156e+08	  -1.2635454940192358e+09	
   1.0759088243553321e+08	  -2.8784718152146173e+09	  -1.4881582415728125e+08	  -1.3740786971444660e+08	  -1.1596191547357801e+08	  -1.1965651654628963e+09	
   1.0785118537045656e+08	  -1.3954355610901916e+08	  -1.5653492403410804e+08	  -1.1688571411119041e+08	  -1.2296181431883323e+08	  -1.1569865523380978e+09	
   1.0809379749355464e+08	  -6.3164027635289598e+08	  -1.1316939117804313e+08	  -1.0792065948482201e+08	  -1.0091546664082038e+08	  -7.8793941373179924e+08	
   1.0831330350624497e+08	  -4.7373767901510775e+08	  -1.0202757769468001e+08	  -1.1874094321717699e+08	  -1.0793324933761714e+08	  -8.2157016130994642e+08	
   1.0855309932502584e+08	  -1.2388290054916193e+08	  -1.3660363426416495e+08	  -1.3085472306907968e+08	  -1.1440992537496814e+08	  -1.1157597287587109e+09	
   1.0881137290103255e+08	  -1.0395734038267179e+08	  -1.2858891740199018e+08	  -1.0485770217209111e+08	  -1.2007326603744827e+08	  -9.1809403069647968e+08	
   1.0906741656082244e+08	  -1.0209330424555534e+08	  -1.1825414026008940e+08	  -1.0099947931580311e+08	  -4.0154805786412969e+09	  -8.1812851053202912e+07	
   1.0932454271476884e+08	  -1.2249482751540509e+08	  -1.0224856957654412e+08	  -9.0126319931301928e+08	  -6.7268465890271626e+09	  -9.0882033941803142e+07	
   1.0957264423151617e+08	  -1.2551595219199932e+08	  -1.4162321329161641e+08	  -1.1864034448342095e+08	  -9.6345299903780237e+07	  -9.8541090148665413e+07	
   1.0983624958371595e+08	  -1.1410943775061589e+08	  -1.2869659716663820e+08	  -1.0327932968438336e+08	  -3.7780306449682422e+09	  -1.0805484687339721e+09	
   1.1007546842655151e+08	  -1.4570535993862772e+08	  -1.4162353869621056e+08	  -3.5459219656332338e+08	  -7.5222309858361199e+07	  -6.0260713468781006e+08	
   1.1030059214671159e+08	  -7.3896634100448757e+07	  -1.1811092669580154e+08	  -9.1240537761721388e+07	  -2.4068653508496656e+09	  -4.5085388759550577e+08	
   1.1054515028514816e+08	  -1.0298725526273739e+08	  -1.1354573915567473e+08	  -9.6658621823695466e+07	  -6.2649574284256554e+09	  -7.5618370633625638e+08	
   1.1078905061292811e+08	  -1.3888255400067917e+08	  -1.3402853126785822e+08	  -7.8750422137352079e+07	  -3.1330349662242088e+09	  -7.0594276144263649e+08	
   1.1102139809386335e+08	  -1.2715171107212278e+08	  -1.1233766337890694e+08	  -5.6315355839052048e+09	  -3.5041523960658607e+09	  -1.6338102385968721e+08	
